tm(:,:,1) =
    0.9266    0.0726    0.0006    0.0002
    0.0279    0.8956    0.0637    0.0128
    0.0000    0.1492    0.7320    0.1188
    0.0000    0.0658    0.3708    0.5634
tm(:,:,2) =
    0.9306    0.0677    0.0001    0.0016
    0.0273    0.8927    0.0695    0.0105
    0.0001    0.1514    0.7310    0.1175
    0.0000    0.0685    0.4046    0.5269
tm(:,:,3) =
    0.9247    0.0747    0.0000    0.0006
    0.0244    0.8951    0.0671    0.0135
    0.0000    0.1452    0.7257    0.1291
    0.0000    0.0693    0.3781    0.5526
tm(:,:,4) =
    0.9318    0.0670    0.0000    0.0012
    0.0259    0.8997    0.0632    0.0112
    0.0000    0.1587    0.7254    0.1159
    0.0001    0.0614    0.3896    0.5489
tm(:,:,5) =
    0.9284    0.0709    0.0001    0.0006
    0.0269    0.8995    0.0591    0.0144
    0.0000    0.1410    0.7349    0.1241
    0.0008    0.0717    0.3885    0.5390
tm(:,:,6) =
    0.9292    0.0692    0.0000    0.0015
    0.0281    0.8985    0.0614    0.0119
    0.0000    0.1460    0.7328    0.1212
    0.0004    0.0682    0.3922    0.5392
tm(:,:,7) =
    0.9235    0.0761    0.0000    0.0004
    0.0262    0.8993    0.0606    0.0139
    0.0001    0.1373    0.7410    0.1216
    0.0000    0.0640    0.3941    0.5418
tm(:,:,8) =
    0.9248    0.0743    0.0000    0.0009
    0.0253    0.8989    0.0622    0.0136
    0.0006    0.1406    0.7396    0.1192
    0.0004    0.0738    0.3792    0.5467
tm(:,:,9) =
    0.9348    0.0642    0.0000    0.0010
    0.0217    0.9008    0.0646    0.0130
    0.0003    0.1492    0.7316    0.1189
    0.0037    0.0599    0.3831    0.5534
tm(:,:,10) =
    0.9333    0.0662    0.0000    0.0005
    0.0235    0.9008    0.0630    0.0127
    0.0015    0.1415    0.7361    0.1209
    0.0023    0.0599    0.3703    0.5675
tm(:,:,11) =
    0.9263    0.0737    0.0000    0.0001
    0.0238    0.8965    0.0655    0.0142
    0.0021    0.1466    0.7404    0.1108
    0.0033    0.0654    0.3570    0.5743
tm(:,:,12) =
    0.9295    0.0701    0.0001    0.0003
    0.0275    0.8900    0.0664    0.0162
    0.0028    0.1455    0.7413    0.1105
    0.0005    0.0593    0.3897    0.5504
tm(:,:,13) =
    0.9297    0.0703    0.0000    0.0000
    0.0257    0.8934    0.0666    0.0144
    0.0035    0.1564    0.7243    0.1157
    0.0005    0.0552    0.4096    0.5346
tm(:,:,14) =
    0.9287    0.0712    0.0001    0.0000
    0.0248    0.8927    0.0687    0.0139
    0.0024    0.1578    0.7219    0.1180
    0.0000    0.0554    0.3882    0.5564
tm(:,:,15) =
    0.9396    0.0604    0.0000    0.0000
    0.0232    0.8955    0.0697    0.0117
    0.0029    0.1543    0.7251    0.1178
    0.0020    0.0607    0.4054    0.5319
tm(:,:,16) =
    0.9304    0.0696    0.0000    0.0000
    0.0222    0.8953    0.0685    0.0140
    0.0031    0.1633    0.7191    0.1145
    0.0005    0.0492    0.3911    0.5592
tm(:,:,17) =
    0.9334    0.0664    0.0002    0.0000
    0.0240    0.8928    0.0721    0.0112
    0.0016    0.1562    0.7314    0.1108
    0.0005    0.0510    0.3843    0.5643
tm(:,:,18) =
    0.9349    0.0651    0.0000    0.0000
    0.0233    0.8947    0.0719    0.0101
    0.0016    0.1465    0.7379    0.1140
    0.0027    0.0546    0.3791    0.5636
tm(:,:,19) =
    0.9352    0.0648    0.0000    0.0000
    0.0206    0.8996    0.0695    0.0102
    0.0026    0.1492    0.7332    0.1150
    0.0002    0.0548    0.3699    0.5751
tm(:,:,20) =
    0.9325    0.0669    0.0006    0.0000
    0.0234    0.8931    0.0733    0.0102
    0.0017    0.1510    0.7356    0.1118
    0.0012    0.0617    0.3827    0.5544
tm(:,:,21) =
    0.9297    0.0680    0.0023    0.0000
    0.0241    0.8959    0.0693    0.0106
    0.0009    0.1451    0.7338    0.1202
    0.0015    0.0614    0.3844    0.5526
tm(:,:,22) =
    0.9314    0.0665    0.0021    0.0000
    0.0218    0.9006    0.0663    0.0112
    0.0007    0.1471    0.7448    0.1074
    0.0016    0.0552    0.3807    0.5625
tm(:,:,23) =
    0.9289    0.0688    0.0023    0.0000
    0.0206    0.8986    0.0702    0.0105
    0.0002    0.1451    0.7341    0.1205
    0.0030    0.0496    0.3980    0.5494
tm(:,:,24) =
    0.9378    0.0602    0.0020    0.0000
    0.0214    0.9008    0.0658    0.0120
    0.0001    0.1523    0.7248    0.1229
    0.0056    0.0355    0.4118    0.5471
tm(:,:,25) =
    0.9380    0.0595    0.0025    0.0000
    0.0205    0.9078    0.0602    0.0114
    0.0005    0.1347    0.7451    0.1196
    0.0022    0.0425    0.4023    0.5530
tm(:,:,26) =
    0.9334    0.0655    0.0010    0.0001
    0.0223    0.9060    0.0611    0.0106
    0.0009    0.1364    0.7425    0.1201
    0.0007    0.0646    0.3914    0.5433
tm(:,:,27) =
    0.9305    0.0666    0.0028    0.0000
    0.0229    0.9037    0.0618    0.0117
    0.0002    0.1344    0.7469    0.1185
    0.0033    0.0648    0.3677    0.5642
tm(:,:,28) =
    0.9247    0.0716    0.0037    0.0000
    0.0254    0.9004    0.0610    0.0132
    0.0012    0.1335    0.7473    0.1180
    0.0006    0.0715    0.3576    0.5703
tm(:,:,29) =
    0.9368    0.0578    0.0049    0.0005
    0.0208    0.9028    0.0619    0.0146
    0.0014    0.1482    0.7365    0.1139
    0.0011    0.0815    0.3332    0.5842
tm(:,:,30) =
    0.9331    0.0632    0.0033    0.0004
    0.0205    0.9046    0.0611    0.0139
    0.0019    0.1482    0.7357    0.1142
    0.0020    0.0652    0.3944    0.5384
tm(:,:,31) =
    0.9423    0.0549    0.0026    0.0001
    0.0184    0.9077    0.0637    0.0102
    0.0016    0.1441    0.7368    0.1174
    0.0011    0.0666    0.3803    0.5521
tm(:,:,32) =
    0.9382    0.0560    0.0058    0.0000
    0.0189    0.9061    0.0620    0.0130
    0.0009    0.1430    0.7523    0.1038
    0.0009    0.0728    0.3491    0.5772
tm(:,:,33) =
    0.9377    0.0605    0.0019    0.0000
    0.0189    0.8996    0.0686    0.0129
    0.0009    0.1561    0.7316    0.1114
    0.0021    0.0690    0.3537    0.5752
tm(:,:,34) =
    0.9301    0.0672    0.0026    0.0001
    0.0195    0.9012    0.0677    0.0116
    0.0016    0.1483    0.7368    0.1133
    0.0016    0.0689    0.3713    0.5582
tm(:,:,35) =
    0.9368    0.0613    0.0019    0.0000
    0.0185    0.9068    0.0624    0.0122
    0.0045    0.1450    0.7230    0.1276
    0.0002    0.0779    0.3536    0.5683
tm(:,:,36) =
    0.9362    0.0609    0.0030    0.0000
    0.0220    0.8963    0.0680    0.0137
    0.0020    0.1519    0.7320    0.1142
    0.0012    0.0735    0.3642    0.5611
tm(:,:,37) =
    0.9369    0.0573    0.0057    0.0000
    0.0227    0.8976    0.0682    0.0114
    0.0018    0.1480    0.7351    0.1151
    0.0009    0.0753    0.3548    0.5691
tm(:,:,38) =
    0.9361    0.0620    0.0018    0.0000
    0.0221    0.8954    0.0698    0.0127
    0.0007    0.1581    0.7256    0.1156
    0.0028    0.0658    0.3688    0.5626
tm(:,:,39) =
    0.9369    0.0627    0.0004    0.0000
    0.0232    0.8988    0.0634    0.0146
    0.0010    0.1459    0.7388    0.1143
    0.0070    0.0651    0.3650    0.5628
tm(:,:,40) =
    0.9188    0.0807    0.0002    0.0003
    0.0262    0.8940    0.0668    0.0130
    0.0016    0.1482    0.7301    0.1202
    0.0043    0.0705    0.3627    0.5625
tm(:,:,41) =
    0.9331    0.0667    0.0001    0.0000
    0.0236    0.8943    0.0666    0.0154
    0.0001    0.1510    0.7357    0.1132
    0.0024    0.0601    0.3830    0.5545
tm(:,:,42) =
    0.9362    0.0636    0.0000    0.0002
    0.0234    0.8946    0.0676    0.0143
    0.0000    0.1488    0.7413    0.1099
    0.0013    0.0703    0.3554    0.5730
tm(:,:,43) =
    0.9321    0.0677    0.0002    0.0000
    0.0236    0.8925    0.0706    0.0133
    0.0000    0.1545    0.7367    0.1088
    0.0045    0.0573    0.3945    0.5437
tm(:,:,44) =
    0.9266    0.0731    0.0003    0.0001
    0.0231    0.8949    0.0682    0.0137
    0.0000    0.1569    0.7314    0.1118
    0.0028    0.0601    0.3716    0.5655
tm(:,:,45) =
    0.9370    0.0629    0.0000    0.0001
    0.0208    0.9031    0.0631    0.0129
    0.0001    0.1465    0.7397    0.1138
    0.0014    0.0434    0.3949    0.5603
tm(:,:,46) =
    0.9375    0.0619    0.0000    0.0006
    0.0225    0.8980    0.0661    0.0135
    0.0000    0.1569    0.7277    0.1154
    0.0016    0.0544    0.3863    0.5577
tm(:,:,47) =
    0.9321    0.0679    0.0000    0.0000
    0.0247    0.8970    0.0654    0.0129
    0.0000    0.1440    0.7347    0.1213
    0.0017    0.0579    0.3802    0.5603
tm(:,:,48) =
    0.9310    0.0690    0.0000    0.0000
    0.0198    0.9018    0.0654    0.0129
    0.0000    0.1456    0.7409    0.1135
    0.0023    0.0658    0.3626    0.5693
tm(:,:,49) =
    0.9271    0.0725    0.0000    0.0004
    0.0256    0.9001    0.0616    0.0128
    0.0000    0.1440    0.7450    0.1110
    0.0005    0.0607    0.3721    0.5667
tm(:,:,50) =
    0.9375    0.0621    0.0000    0.0004
    0.0233    0.8989    0.0655    0.0123
    0.0000    0.1534    0.7283    0.1183
    0.0009    0.0661    0.3712    0.5617
tm(:,:,51) =
    0.9316    0.0684    0.0000    0.0000
    0.0273    0.8974    0.0638    0.0115
    0.0000    0.1507    0.7287    0.1207
    0.0039    0.0661    0.3844    0.5456
tm(:,:,52) =
    0.9293    0.0701    0.0000    0.0006
    0.0251    0.9011    0.0617    0.0121
    0.0000    0.1551    0.7220    0.1229
    0.0024    0.0577    0.3633    0.5766
tm(:,:,53) =
    0.9366    0.0633    0.0000    0.0001
    0.0241    0.8991    0.0642    0.0125
    0.0004    0.1508    0.7212    0.1276
    0.0002    0.0669    0.3806    0.5523
tm(:,:,54) =
    0.9319    0.0679    0.0000    0.0002
    0.0250    0.8964    0.0672    0.0115
    0.0001    0.1456    0.7304    0.1240
    0.0016    0.0690    0.3849    0.5445
tm(:,:,55) =
    0.9231    0.0766    0.0000    0.0002
    0.0259    0.8933    0.0690    0.0118
    0.0000    0.1561    0.7267    0.1172
    0.0004    0.0798    0.3600    0.5599
tm(:,:,56) =
    0.9299    0.0701    0.0000    0.0000
    0.0267    0.8951    0.0662    0.0120
    0.0000    0.1640    0.7222    0.1139
    0.0004    0.0695    0.3734    0.5568
tm(:,:,57) =
    0.9280    0.0720    0.0000    0.0000
    0.0256    0.8950    0.0678    0.0116
    0.0005    0.1543    0.7321    0.1131
    0.0054    0.0645    0.3607    0.5692
tm(:,:,58) =
    0.9277    0.0720    0.0003    0.0000
    0.0267    0.8986    0.0623    0.0124
    0.0000    0.1547    0.7272    0.1180
    0.0013    0.0747    0.3704    0.5536
tm(:,:,59) =
    0.9278    0.0722    0.0000    0.0000
    0.0260    0.8965    0.0631    0.0144
    0.0000    0.1494    0.7367    0.1140
    0.0043    0.0806    0.3559    0.5592
tm(:,:,60) =
    0.9309    0.0691    0.0000    0.0000
    0.0252    0.8987    0.0619    0.0142
    0.0000    0.1508    0.7387    0.1105
    0.0022    0.0828    0.3531    0.5619
tm(:,:,61) =
    0.9300    0.0694    0.0006    0.0000
    0.0251    0.9025    0.0570    0.0155
    0.0002    0.1533    0.7421    0.1044
    0.0003    0.0680    0.3669    0.5648
tm(:,:,62) =
    0.9270    0.0719    0.0009    0.0002
    0.0275    0.8973    0.0623    0.0130
    0.0000    0.1532    0.7301    0.1166
    0.0015    0.0800    0.3669    0.5515
tm(:,:,63) =
    0.9238    0.0755    0.0008    0.0000
    0.0291    0.8950    0.0596    0.0162
    0.0000    0.1606    0.7237    0.1157
    0.0002    0.0685    0.3699    0.5614
tm(:,:,64) =
    0.9271    0.0719    0.0010    0.0000
    0.0276    0.8997    0.0588    0.0139
    0.0001    0.1347    0.7505    0.1147
    0.0003    0.0857    0.3374    0.5766
tm(:,:,65) =
    0.9242    0.0754    0.0000    0.0003
    0.0295    0.8965    0.0574    0.0167
    0.0003    0.1531    0.7371    0.1095
    0.0000    0.0613    0.3576    0.5811
tm(:,:,66) =
    0.9278    0.0717    0.0005    0.0000
    0.0247    0.8999    0.0602    0.0152
    0.0000    0.1530    0.7312    0.1158
    0.0000    0.0565    0.3758    0.5677
tm(:,:,67) =
    0.9357    0.0637    0.0006    0.0000
    0.0239    0.8966    0.0644    0.0151
    0.0000    0.1582    0.7265    0.1153
    0.0000    0.0641    0.3739    0.5620
tm(:,:,68) =
    0.9272    0.0726    0.0002    0.0000
    0.0259    0.9022    0.0598    0.0120
    0.0000    0.1441    0.7383    0.1176
    0.0004    0.0572    0.3869    0.5554
tm(:,:,69) =
    0.9268    0.0718    0.0013    0.0001
    0.0277    0.9013    0.0580    0.0130
    0.0000    0.1440    0.7373    0.1186
    0.0000    0.0728    0.3799    0.5473
tm(:,:,70) =
    0.9252    0.0743    0.0004    0.0001
    0.0259    0.8968    0.0616    0.0156
    0.0000    0.1377    0.7522    0.1101
    0.0000    0.0755    0.3682    0.5563
tm(:,:,71) =
    0.9317    0.0669    0.0014    0.0000
    0.0237    0.9000    0.0622    0.0141
    0.0000    0.1500    0.7317    0.1183
    0.0000    0.0775    0.3845    0.5380
tm(:,:,72) =
    0.9298    0.0696    0.0005    0.0000
    0.0249    0.8992    0.0624    0.0135
    0.0001    0.1507    0.7402    0.1091
    0.0000    0.0676    0.3643    0.5681
tm(:,:,73) =
    0.9310    0.0680    0.0010    0.0000
    0.0219    0.9032    0.0641    0.0109
    0.0000    0.1505    0.7374    0.1120
    0.0000    0.0636    0.3827    0.5537
tm(:,:,74) =
    0.9332    0.0663    0.0005    0.0000
    0.0210    0.8998    0.0674    0.0118
    0.0000    0.1526    0.7338    0.1135
    0.0000    0.0483    0.3791    0.5726
tm(:,:,75) =
    0.9207    0.0779    0.0014    0.0000
    0.0277    0.8861    0.0734    0.0128
    0.0000    0.1546    0.7403    0.1052
    0.0001    0.0636    0.3569    0.5794
tm(:,:,76) =
    0.9281    0.0719    0.0000    0.0000
    0.0240    0.8936    0.0707    0.0117
    0.0000    0.1535    0.7375    0.1089
    0.0005    0.0593    0.3722    0.5680
tm(:,:,77) =
    0.9338    0.0660    0.0000    0.0002
    0.0225    0.8991    0.0655    0.0129
    0.0002    0.1404    0.7532    0.1062
    0.0004    0.0553    0.3612    0.5831
tm(:,:,78) =
    0.9346    0.0646    0.0007    0.0001
    0.0224    0.9033    0.0642    0.0102
    0.0000    0.1417    0.7420    0.1163
    0.0018    0.0537    0.3781    0.5664
tm(:,:,79) =
    0.9290    0.0700    0.0002    0.0009
    0.0273    0.8924    0.0693    0.0110
    0.0000    0.1486    0.7396    0.1118
    0.0002    0.0583    0.3476    0.5939
tm(:,:,80) =
    0.9281    0.0710    0.0005    0.0004
    0.0244    0.8957    0.0703    0.0096
    0.0000    0.1568    0.7349    0.1083
    0.0005    0.0514    0.3567    0.5913
tm(:,:,81) =
    0.9315    0.0668    0.0005    0.0012
    0.0240    0.8956    0.0712    0.0093
    0.0000    0.1566    0.7303    0.1131
    0.0001    0.0458    0.3883    0.5659
tm(:,:,82) =
    0.9315    0.0674    0.0000    0.0011
    0.0236    0.8981    0.0680    0.0103
    0.0000    0.1511    0.7321    0.1169
    0.0012    0.0353    0.3981    0.5654
tm(:,:,83) =
    0.9302    0.0678    0.0000    0.0020
    0.0242    0.8980    0.0672    0.0105
    0.0000    0.1494    0.7376    0.1130
    0.0047    0.0467    0.3886    0.5600
tm(:,:,84) =
    0.9350    0.0630    0.0000    0.0020
    0.0218    0.9042    0.0638    0.0102
    0.0000    0.1494    0.7270    0.1235
    0.0017    0.0510    0.4095    0.5379
tm(:,:,85) =
    0.9392    0.0594    0.0000    0.0013
    0.0236    0.8961    0.0689    0.0115
    0.0000    0.1528    0.7310    0.1162
    0.0028    0.0550    0.3672    0.5750
tm(:,:,86) =
    0.9342    0.0638    0.0001    0.0019
    0.0233    0.8958    0.0706    0.0103
    0.0000    0.1652    0.7013    0.1335
    0.0016    0.0576    0.3947    0.5462
tm(:,:,87) =
    0.9279    0.0701    0.0000    0.0020
    0.0278    0.8879    0.0742    0.0101
    0.0000    0.1695    0.7119    0.1185
    0.0006    0.0590    0.4074    0.5330
tm(:,:,88) =
    0.9252    0.0733    0.0000    0.0016
    0.0257    0.8934    0.0719    0.0091
    0.0004    0.1582    0.7258    0.1156
    0.0020    0.0596    0.3888    0.5496
tm(:,:,89) =
    0.9266    0.0712    0.0003    0.0019
    0.0253    0.8953    0.0696    0.0098
    0.0008    0.1656    0.7196    0.1140
    0.0001    0.0653    0.3727    0.5620
tm(:,:,90) =
    0.9281    0.0708    0.0000    0.0012
    0.0255    0.8936    0.0720    0.0089
    0.0018    0.1565    0.7157    0.1260
    0.0007    0.0513    0.3858    0.5622
tm(:,:,91) =
    0.9322    0.0669    0.0000    0.0009
    0.0274    0.8900    0.0703    0.0123
    0.0003    0.1597    0.7179    0.1221
    0.0012    0.0665    0.3633    0.5690
tm(:,:,92) =
    0.9346    0.0635    0.0001    0.0019
    0.0237    0.8971    0.0664    0.0129
    0.0002    0.1561    0.7218    0.1219
    0.0016    0.0623    0.3988    0.5372
tm(:,:,93) =
    0.9340    0.0651    0.0003    0.0007
    0.0262    0.8887    0.0717    0.0134
    0.0000    0.1678    0.7193    0.1129
    0.0004    0.0696    0.3612    0.5688
tm(:,:,94) =
    0.9286    0.0702    0.0000    0.0012
    0.0273    0.8847    0.0752    0.0128
    0.0000    0.1593    0.7239    0.1168
    0.0003    0.0725    0.3500    0.5771
tm(:,:,95) =
    0.9353    0.0642    0.0000    0.0005
    0.0266    0.8926    0.0670    0.0138
    0.0000    0.1624    0.7206    0.1170
    0.0019    0.0823    0.3661    0.5498
tm(:,:,96) =
    0.9274    0.0723    0.0000    0.0003
    0.0285    0.8946    0.0622    0.0147
    0.0000    0.1474    0.7428    0.1097
    0.0022    0.0785    0.3420    0.5772
tm(:,:,97) =
    0.9217    0.0775    0.0000    0.0007
    0.0281    0.8941    0.0637    0.0141
    0.0005    0.1492    0.7457    0.1046
    0.0005    0.0790    0.3408    0.5797
tm(:,:,98) =
    0.9313    0.0682    0.0000    0.0005
    0.0238    0.9029    0.0617    0.0116
    0.0004    0.1496    0.7333    0.1166
    0.0001    0.0672    0.3594    0.5733
tm(:,:,99) =
    0.9355    0.0639    0.0002    0.0005
    0.0245    0.9017    0.0625    0.0113
    0.0008    0.1405    0.7344    0.1243
    0.0002    0.0835    0.3506    0.5657
tm(:,:,100) =
    0.9375    0.0615    0.0000    0.0009
    0.0210    0.9047    0.0607    0.0137
    0.0003    0.1495    0.7281    0.1220
    0.0004    0.0750    0.3677    0.5569
tm(:,:,101) =
    0.9405    0.0593    0.0000    0.0002
    0.0230    0.9026    0.0625    0.0119
    0.0001    0.1464    0.7279    0.1256
    0.0022    0.0608    0.3872    0.5498
tm(:,:,102) =
    0.9390    0.0608    0.0000    0.0003
    0.0199    0.8989    0.0693    0.0120
    0.0000    0.1599    0.7218    0.1184
    0.0031    0.0555    0.3787    0.5628
tm(:,:,103) =
    0.9371    0.0626    0.0002    0.0002
    0.0227    0.8911    0.0753    0.0109
    0.0000    0.1564    0.7274    0.1162
    0.0029    0.0419    0.3893    0.5659
tm(:,:,104) =
    0.9367    0.0616    0.0017    0.0001
    0.0234    0.8963    0.0701    0.0102
    0.0000    0.1494    0.7359    0.1147
    0.0007    0.0535    0.3767    0.5690
tm(:,:,105) =
    0.9279    0.0676    0.0037    0.0008
    0.0219    0.9002    0.0661    0.0119
    0.0003    0.1485    0.7446    0.1066
    0.0004    0.0536    0.3657    0.5803
tm(:,:,106) =
    0.9357    0.0608    0.0032    0.0002
    0.0220    0.8965    0.0672    0.0143
    0.0009    0.1501    0.7424    0.1065
    0.0013    0.0697    0.3539    0.5751
tm(:,:,107) =
    0.9329    0.0629    0.0037    0.0004
    0.0212    0.9051    0.0596    0.0141
    0.0020    0.1350    0.7549    0.1081
    0.0000    0.0591    0.3658    0.5751
tm(:,:,108) =
    0.9351    0.0615    0.0020    0.0014
    0.0229    0.8997    0.0626    0.0149
    0.0003    0.1478    0.7481    0.1039
    0.0000    0.0555    0.3637    0.5809
tm(:,:,109) =
    0.9360    0.0601    0.0031    0.0008
    0.0222    0.8996    0.0636    0.0146
    0.0024    0.1414    0.7459    0.1103
    0.0000    0.0674    0.3591    0.5735
tm(:,:,110) =
    0.9325    0.0650    0.0019    0.0006
    0.0238    0.8936    0.0656    0.0170
    0.0004    0.1611    0.7349    0.1036
    0.0004    0.0554    0.3789    0.5653
tm(:,:,111) =
    0.9326    0.0649    0.0015    0.0010
    0.0240    0.8956    0.0658    0.0146
    0.0004    0.1608    0.7318    0.1071
    0.0004    0.0531    0.3826    0.5640
tm(:,:,112) =
    0.9320    0.0654    0.0023    0.0003
    0.0233    0.8977    0.0655    0.0136
    0.0002    0.1531    0.7305    0.1163
    0.0009    0.0536    0.3859    0.5596
tm(:,:,113) =
    0.9298    0.0634    0.0056    0.0013
    0.0231    0.8991    0.0648    0.0131
    0.0000    0.1501    0.7290    0.1208
    0.0002    0.0777    0.3754    0.5467
tm(:,:,114) =
    0.9287    0.0685    0.0025    0.0004
    0.0214    0.9084    0.0576    0.0126
    0.0000    0.1529    0.7318    0.1154
    0.0009    0.0597    0.3733    0.5661
tm(:,:,115) =
    0.9277    0.0706    0.0008    0.0010
    0.0235    0.9027    0.0613    0.0124
    0.0000    0.1442    0.7504    0.1054
    0.0011    0.0584    0.3627    0.5779
tm(:,:,116) =
    0.9241    0.0743    0.0007    0.0010
    0.0243    0.9063    0.0564    0.0130
    0.0000    0.1397    0.7487    0.1117
    0.0019    0.0526    0.3827    0.5628
tm(:,:,117) =
    0.9180    0.0819    0.0001    0.0000
    0.0296    0.8969    0.0598    0.0137
    0.0000    0.1405    0.7397    0.1198
    0.0029    0.0538    0.4018    0.5415
tm(:,:,118) =
    0.9246    0.0751    0.0001    0.0002
    0.0267    0.8979    0.0623    0.0131
    0.0000    0.1485    0.7266    0.1250
    0.0050    0.0527    0.3884    0.5539
tm(:,:,119) =
    0.9214    0.0783    0.0000    0.0003
    0.0260    0.9048    0.0560    0.0132
    0.0000    0.1420    0.7475    0.1105
    0.0019    0.0591    0.3682    0.5708
tm(:,:,120) =
    0.9237    0.0763    0.0000    0.0000
    0.0280    0.8972    0.0594    0.0154
    0.0000    0.1418    0.7468    0.1114
    0.0050    0.0458    0.3884    0.5608
tm(:,:,121) =
    0.9269    0.0731    0.0000    0.0000
    0.0257    0.8983    0.0612    0.0147
    0.0000    0.1441    0.7399    0.1161
    0.0048    0.0560    0.3777    0.5616
tm(:,:,122) =
    0.9223    0.0775    0.0002    0.0000
    0.0266    0.8965    0.0601    0.0167
    0.0000    0.1425    0.7487    0.1088
    0.0062    0.0664    0.3769    0.5506
tm(:,:,123) =
    0.9318    0.0676    0.0001    0.0006
    0.0253    0.9023    0.0577    0.0148
    0.0001    0.1430    0.7436    0.1133
    0.0022    0.0783    0.3685    0.5510
tm(:,:,124) =
    0.9366    0.0630    0.0000    0.0003
    0.0252    0.8992    0.0620    0.0136
    0.0000    0.1308    0.7583    0.1108
    0.0022    0.0929    0.3454    0.5596
tm(:,:,125) =
    0.9273    0.0724    0.0000    0.0004
    0.0257    0.9001    0.0610    0.0133
    0.0000    0.1408    0.7438    0.1154
    0.0018    0.0796    0.3667    0.5519
tm(:,:,126) =
    0.9252    0.0740    0.0000    0.0007
    0.0259    0.8977    0.0601    0.0163
    0.0000    0.1377    0.7503    0.1121
    0.0048    0.0637    0.3782    0.5532
tm(:,:,127) =
    0.9330    0.0661    0.0000    0.0008
    0.0234    0.9046    0.0598    0.0121
    0.0000    0.1329    0.7534    0.1137
    0.0049    0.0636    0.3720    0.5594
tm(:,:,128) =
    0.9320    0.0664    0.0000    0.0016
    0.0234    0.9005    0.0638    0.0123
    0.0000    0.1434    0.7455    0.1110
    0.0008    0.0526    0.3913    0.5552
tm(:,:,129) =
    0.9292    0.0689    0.0004    0.0015
    0.0267    0.8995    0.0627    0.0112
    0.0000    0.1429    0.7364    0.1207
    0.0009    0.0564    0.3929    0.5499
tm(:,:,130) =
    0.9316    0.0654    0.0000    0.0030
    0.0253    0.9037    0.0599    0.0111
    0.0005    0.1435    0.7344    0.1216
    0.0020    0.0638    0.3929    0.5413
tm(:,:,131) =
    0.9292    0.0700    0.0000    0.0008
    0.0258    0.9015    0.0580    0.0147
    0.0007    0.1412    0.7426    0.1154
    0.0036    0.0839    0.3266    0.5860
tm(:,:,132) =
    0.9311    0.0681    0.0000    0.0008
    0.0264    0.8979    0.0630    0.0127
    0.0005    0.1500    0.7360    0.1136
    0.0033    0.0657    0.3720    0.5590
tm(:,:,133) =
    0.9332    0.0639    0.0005    0.0024
    0.0248    0.9010    0.0636    0.0105
    0.0012    0.1468    0.7352    0.1168
    0.0034    0.0673    0.3744    0.5549
tm(:,:,134) =
    0.9251    0.0737    0.0000    0.0012
    0.0270    0.9033    0.0581    0.0116
    0.0009    0.1368    0.7443    0.1180
    0.0066    0.0844    0.3387    0.5703
tm(:,:,135) =
    0.9232    0.0763    0.0000    0.0005
    0.0247    0.9021    0.0581    0.0150
    0.0018    0.1392    0.7519    0.1071
    0.0043    0.0756    0.3397    0.5804
tm(:,:,136) =
    0.9329    0.0658    0.0006    0.0006
    0.0225    0.9000    0.0645    0.0130
    0.0005    0.1459    0.7426    0.1110
    0.0032    0.0715    0.3584    0.5669
tm(:,:,137) =
    0.9348    0.0635    0.0000    0.0017
    0.0245    0.9003    0.0632    0.0120
    0.0009    0.1401    0.7429    0.1161
    0.0030    0.0706    0.3448    0.5815
tm(:,:,138) =
    0.9306    0.0679    0.0001    0.0013
    0.0282    0.8982    0.0599    0.0138
    0.0004    0.1501    0.7336    0.1159
    0.0045    0.0771    0.3558    0.5626
tm(:,:,139) =
    0.9332    0.0658    0.0005    0.0005
    0.0265    0.8953    0.0642    0.0141
    0.0004    0.1408    0.7396    0.1192
    0.0048    0.0650    0.3919    0.5383
tm(:,:,140) =
    0.9325    0.0668    0.0001    0.0006
    0.0246    0.9056    0.0565    0.0134
    0.0003    0.1299    0.7569    0.1129
    0.0018    0.0654    0.3693    0.5635
tm(:,:,141) =
    0.9380    0.0610    0.0000    0.0010
    0.0223    0.9014    0.0624    0.0138
    0.0000    0.1527    0.7312    0.1160
    0.0017    0.0636    0.3730    0.5617
tm(:,:,142) =
    0.9417    0.0574    0.0000    0.0009
    0.0228    0.9035    0.0611    0.0126
    0.0000    0.1417    0.7462    0.1121
    0.0012    0.0695    0.3686    0.5607
tm(:,:,143) =
    0.9280    0.0712    0.0000    0.0007
    0.0247    0.8982    0.0652    0.0119
    0.0000    0.1546    0.7254    0.1200
    0.0010    0.0735    0.3698    0.5557
tm(:,:,144) =
    0.9336    0.0660    0.0000    0.0003
    0.0256    0.8998    0.0644    0.0102
    0.0007    0.1505    0.7301    0.1186
    0.0009    0.0618    0.3795    0.5578
tm(:,:,145) =
    0.9264    0.0732    0.0000    0.0004
    0.0258    0.8995    0.0628    0.0119
    0.0001    0.1479    0.7259    0.1261
    0.0007    0.0860    0.3935    0.5199
tm(:,:,146) =
    0.9320    0.0673    0.0001    0.0007
    0.0254    0.8973    0.0646    0.0127
    0.0002    0.1512    0.7351    0.1134
    0.0005    0.0619    0.3850    0.5526
tm(:,:,147) =
    0.9298    0.0699    0.0000    0.0002
    0.0236    0.8988    0.0642    0.0134
    0.0000    0.1560    0.7285    0.1155
    0.0018    0.0576    0.3758    0.5648
tm(:,:,148) =
    0.9319    0.0666    0.0000    0.0015
    0.0235    0.8998    0.0637    0.0131
    0.0000    0.1513    0.7310    0.1177
    0.0028    0.0535    0.3767    0.5670
tm(:,:,149) =
    0.9306    0.0684    0.0002    0.0008
    0.0261    0.8994    0.0618    0.0127
    0.0000    0.1522    0.7290    0.1188
    0.0060    0.0635    0.3847    0.5457
tm(:,:,150) =
    0.9281    0.0709    0.0000    0.0010
    0.0249    0.9015    0.0593    0.0144
    0.0000    0.1403    0.7305    0.1292
    0.0024    0.0728    0.3983    0.5265
tm(:,:,151) =
    0.9250    0.0740    0.0000    0.0009
    0.0266    0.8980    0.0622    0.0133
    0.0000    0.1455    0.7434    0.1111
    0.0021    0.0603    0.3948    0.5428
tm(:,:,152) =
    0.9218    0.0763    0.0000    0.0019
    0.0243    0.9033    0.0604    0.0120
    0.0000    0.1327    0.7497    0.1176
    0.0022    0.0609    0.3801    0.5568
tm(:,:,153) =
    0.9340    0.0656    0.0000    0.0004
    0.0219    0.9010    0.0648    0.0122
    0.0000    0.1443    0.7448    0.1109
    0.0032    0.0664    0.3748    0.5555
tm(:,:,154) =
    0.9261    0.0729    0.0000    0.0010
    0.0237    0.9052    0.0591    0.0120
    0.0001    0.1463    0.7328    0.1207
    0.0024    0.0549    0.3904    0.5524
tm(:,:,155) =
    0.9276    0.0708    0.0000    0.0016
    0.0264    0.9019    0.0575    0.0142
    0.0001    0.1526    0.7354    0.1119
    0.0040    0.0570    0.3792    0.5598
tm(:,:,156) =
    0.9356    0.0631    0.0001    0.0012
    0.0230    0.9061    0.0557    0.0152
    0.0000    0.1477    0.7351    0.1173
    0.0059    0.0613    0.3956    0.5371
tm(:,:,157) =
    0.9316    0.0672    0.0000    0.0012
    0.0256    0.9054    0.0555    0.0135
    0.0000    0.1371    0.7429    0.1200
    0.0027    0.0765    0.3736    0.5471
tm(:,:,158) =
    0.9361    0.0625    0.0000    0.0014
    0.0220    0.9090    0.0577    0.0113
    0.0000    0.1430    0.7377    0.1192
    0.0050    0.0700    0.3792    0.5457
tm(:,:,159) =
    0.9302    0.0680    0.0001    0.0017
    0.0207    0.9091    0.0579    0.0123
    0.0002    0.1400    0.7429    0.1169
    0.0017    0.0665    0.3766    0.5552
tm(:,:,160) =
    0.9310    0.0675    0.0000    0.0016
    0.0232    0.9054    0.0598    0.0116
    0.0000    0.1339    0.7465    0.1196
    0.0017    0.0765    0.3731    0.5487
tm(:,:,161) =
    0.9316    0.0645    0.0000    0.0038
    0.0248    0.9051    0.0569    0.0132
    0.0003    0.1366    0.7458    0.1173
    0.0028    0.0782    0.3646    0.5545
tm(:,:,162) =
    0.9360    0.0615    0.0001    0.0023
    0.0257    0.9037    0.0576    0.0131
    0.0001    0.1331    0.7552    0.1116
    0.0053    0.0660    0.3453    0.5834
tm(:,:,163) =
    0.9299    0.0681    0.0000    0.0021
    0.0243    0.9051    0.0587    0.0119
    0.0000    0.1342    0.7380    0.1277
    0.0067    0.0696    0.3747    0.5491
tm(:,:,164) =
    0.9339    0.0646    0.0000    0.0014
    0.0230    0.9041    0.0615    0.0115
    0.0000    0.1433    0.7438    0.1130
    0.0060    0.0551    0.3819    0.5570
tm(:,:,165) =
    0.9308    0.0669    0.0001    0.0022
    0.0236    0.9002    0.0641    0.0121
    0.0000    0.1468    0.7434    0.1098
    0.0021    0.0553    0.3837    0.5589
tm(:,:,166) =
    0.9266    0.0724    0.0001    0.0010
    0.0214    0.9026    0.0642    0.0117
    0.0006    0.1489    0.7321    0.1185
    0.0029    0.0498    0.3679    0.5794
tm(:,:,167) =
    0.9355    0.0630    0.0006    0.0009
    0.0218    0.8987    0.0679    0.0116
    0.0004    0.1454    0.7400    0.1142
    0.0014    0.0597    0.3724    0.5665
tm(:,:,168) =
    0.9319    0.0664    0.0014    0.0003
    0.0216    0.8936    0.0715    0.0132
    0.0002    0.1436    0.7403    0.1158
    0.0003    0.0486    0.3918    0.5594
tm(:,:,169) =
    0.9344    0.0630    0.0024    0.0002
    0.0240    0.8935    0.0709    0.0115
    0.0007    0.1558    0.7357    0.1079
    0.0003    0.0557    0.3809    0.5630
tm(:,:,170) =
    0.9348    0.0642    0.0011    0.0000
    0.0249    0.8966    0.0683    0.0102
    0.0011    0.1503    0.7321    0.1165
    0.0000    0.0434    0.3732    0.5834
tm(:,:,171) =
    0.9409    0.0563    0.0026    0.0002
    0.0200    0.8978    0.0722    0.0101
    0.0004    0.1511    0.7409    0.1076
    0.0000    0.0365    0.3842    0.5793
tm(:,:,172) =
    0.9400    0.0571    0.0020    0.0010
    0.0181    0.8985    0.0731    0.0103
    0.0003    0.1539    0.7317    0.1140
    0.0000    0.0422    0.4091    0.5487
tm(:,:,173) =
    0.9274    0.0670    0.0055    0.0001
    0.0240    0.8920    0.0757    0.0083
    0.0000    0.1526    0.7316    0.1157
    0.0000    0.0361    0.4167    0.5472
tm(:,:,174) =
    0.9286    0.0676    0.0038    0.0001
    0.0236    0.8947    0.0722    0.0095
    0.0000    0.1457    0.7446    0.1097
    0.0000    0.0285    0.4151    0.5564
tm(:,:,175) =
    0.9335    0.0627    0.0037    0.0001
    0.0206    0.8921    0.0761    0.0112
    0.0000    0.1542    0.7291    0.1166
    0.0000    0.0376    0.4022    0.5602
tm(:,:,176) =
    0.9337    0.0629    0.0027    0.0007
    0.0211    0.8890    0.0780    0.0118
    0.0001    0.1631    0.7296    0.1072
    0.0000    0.0391    0.3809    0.5799
tm(:,:,177) =
    0.9425    0.0540    0.0025    0.0010
    0.0214    0.8972    0.0712    0.0102
    0.0000    0.1466    0.7393    0.1141
    0.0000    0.0453    0.3844    0.5703
tm(:,:,178) =
    0.9350    0.0622    0.0026    0.0003
    0.0190    0.8988    0.0719    0.0102
    0.0000    0.1449    0.7553    0.0999
    0.0000    0.0342    0.4077    0.5581
tm(:,:,179) =
    0.9354    0.0605    0.0023    0.0018
    0.0222    0.8923    0.0755    0.0101
    0.0000    0.1502    0.7397    0.1100
    0.0000    0.0434    0.4073    0.5493
tm(:,:,180) =
    0.9282    0.0684    0.0025    0.0009
    0.0238    0.8909    0.0747    0.0106
    0.0000    0.1570    0.7327    0.1103
    0.0001    0.0513    0.3711    0.5775
tm(:,:,181) =
    0.9314    0.0637    0.0042    0.0007
    0.0231    0.8981    0.0679    0.0110
    0.0000    0.1611    0.7217    0.1172
    0.0001    0.0453    0.3758    0.5788
tm(:,:,182) =
    0.9302    0.0648    0.0047    0.0003
    0.0237    0.8960    0.0679    0.0123
    0.0000    0.1454    0.7377    0.1169
    0.0000    0.0618    0.3996    0.5387
tm(:,:,183) =
    0.9229    0.0728    0.0038    0.0005
    0.0293    0.8949    0.0642    0.0115
    0.0000    0.1401    0.7440    0.1159
    0.0002    0.0660    0.3709    0.5629
tm(:,:,184) =
    0.9239    0.0724    0.0033    0.0004
    0.0268    0.8974    0.0617    0.0141
    0.0000    0.1524    0.7292    0.1184
    0.0000    0.0656    0.3805    0.5540
tm(:,:,185) =
    0.9296    0.0676    0.0014    0.0014
    0.0246    0.8951    0.0671    0.0133
    0.0001    0.1524    0.7282    0.1193
    0.0000    0.0612    0.3811    0.5577
tm(:,:,186) =
    0.9276    0.0697    0.0024    0.0003
    0.0264    0.8917    0.0695    0.0123
    0.0000    0.1674    0.7218    0.1108
    0.0000    0.0621    0.3575    0.5804
tm(:,:,187) =
    0.9292    0.0696    0.0006    0.0006
    0.0250    0.8986    0.0633    0.0131
    0.0000    0.1509    0.7504    0.0987
    0.0000    0.0549    0.3506    0.5945
tm(:,:,188) =
    0.9341    0.0625    0.0009    0.0026
    0.0257    0.8924    0.0697    0.0122
    0.0000    0.1487    0.7439    0.1074
    0.0000    0.0583    0.3683    0.5734
tm(:,:,189) =
    0.9270    0.0708    0.0005    0.0018
    0.0264    0.8953    0.0667    0.0116
    0.0000    0.1464    0.7420    0.1116
    0.0000    0.0649    0.3636    0.5715
tm(:,:,190) =
    0.9229    0.0756    0.0004    0.0011
    0.0268    0.8980    0.0643    0.0109
    0.0000    0.1568    0.7236    0.1196
    0.0000    0.0567    0.3814    0.5619
tm(:,:,191) =
    0.9250    0.0742    0.0000    0.0008
    0.0286    0.8902    0.0709    0.0104
    0.0000    0.1564    0.7181    0.1255
    0.0000    0.0742    0.3911    0.5347
tm(:,:,192) =
    0.9258    0.0732    0.0002    0.0008
    0.0283    0.8899    0.0714    0.0104
    0.0000    0.1519    0.7361    0.1120
    0.0000    0.0769    0.3485    0.5746
tm(:,:,193) =
    0.9256    0.0720    0.0003    0.0021
    0.0298    0.8928    0.0672    0.0102
    0.0000    0.1529    0.7276    0.1194
    0.0000    0.0685    0.3766    0.5549
tm(:,:,194) =
    0.9228    0.0751    0.0000    0.0021
    0.0280    0.8970    0.0646    0.0104
    0.0000    0.1430    0.7354    0.1216
    0.0000    0.0673    0.3840    0.5487
tm(:,:,195) =
    0.9233    0.0756    0.0000    0.0011
    0.0302    0.8943    0.0639    0.0117
    0.0000    0.1508    0.7295    0.1197
    0.0000    0.0596    0.4050    0.5355
tm(:,:,196) =
    0.9284    0.0700    0.0000    0.0016
    0.0281    0.8975    0.0646    0.0097
    0.0000    0.1476    0.7191    0.1333
    0.0000    0.0728    0.3991    0.5281
tm(:,:,197) =
    0.9266    0.0703    0.0010    0.0022
    0.0283    0.8974    0.0633    0.0110
    0.0002    0.1530    0.7185    0.1283
    0.0000    0.0689    0.3945    0.5366
tm(:,:,198) =
    0.9245    0.0744    0.0001    0.0011
    0.0274    0.8977    0.0655    0.0093
    0.0000    0.1315    0.7468    0.1217
    0.0000    0.0558    0.3720    0.5722
tm(:,:,199) =
    0.9310    0.0678    0.0000    0.0011
    0.0240    0.9037    0.0623    0.0100
    0.0000    0.1374    0.7325    0.1301
    0.0000    0.0578    0.3964    0.5457
tm(:,:,200) =
    0.9302    0.0688    0.0000    0.0010
    0.0254    0.8960    0.0671    0.0116
    0.0000    0.1384    0.7437    0.1178
    0.0000    0.0835    0.3492    0.5672
tm(:,:,201) =
    0.9282    0.0717    0.0000    0.0001
    0.0233    0.8991    0.0657    0.0119
    0.0000    0.1456    0.7345    0.1198
    0.0001    0.0694    0.3719    0.5586
tm(:,:,202) =
    0.9206    0.0787    0.0005    0.0002
    0.0232    0.9010    0.0640    0.0117
    0.0000    0.1545    0.7309    0.1146
    0.0000    0.0469    0.4013    0.5518
tm(:,:,203) =
    0.9300    0.0696    0.0000    0.0004
    0.0252    0.8932    0.0697    0.0120
    0.0000    0.1513    0.7349    0.1137
    0.0000    0.0621    0.3801    0.5578
tm(:,:,204) =
    0.9360    0.0638    0.0000    0.0001
    0.0244    0.8915    0.0736    0.0106
    0.0000    0.1490    0.7342    0.1167
    0.0000    0.0698    0.3821    0.5481
tm(:,:,205) =
    0.9328    0.0664    0.0005    0.0003
    0.0247    0.8929    0.0719    0.0105
    0.0000    0.1421    0.7469    0.1110
    0.0000    0.0673    0.3795    0.5532
tm(:,:,206) =
    0.9352    0.0619    0.0026    0.0002
    0.0223    0.8930    0.0763    0.0085
    0.0001    0.1485    0.7367    0.1147
    0.0000    0.0532    0.3944    0.5523
tm(:,:,207) =
    0.9379    0.0594    0.0026    0.0000
    0.0215    0.8953    0.0724    0.0108
    0.0000    0.1500    0.7385    0.1115
    0.0000    0.0534    0.3659    0.5807
tm(:,:,208) =
    0.9354    0.0636    0.0011    0.0000
    0.0220    0.8918    0.0736    0.0125
    0.0000    0.1590    0.7344    0.1065
    0.0000    0.0614    0.3692    0.5694
tm(:,:,209) =
    0.9466    0.0524    0.0007    0.0002
    0.0188    0.9001    0.0702    0.0109
    0.0000    0.1416    0.7503    0.1080
    0.0000    0.0655    0.3681    0.5664
tm(:,:,210) =
    0.9351    0.0640    0.0001    0.0008
    0.0193    0.8946    0.0735    0.0126
    0.0000    0.1505    0.7416    0.1079
    0.0000    0.0637    0.3654    0.5709
tm(:,:,211) =
    0.9345    0.0655    0.0000    0.0000
    0.0241    0.8929    0.0707    0.0123
    0.0005    0.1412    0.7425    0.1158
    0.0004    0.0688    0.3694    0.5614
tm(:,:,212) =
    0.9354    0.0639    0.0000    0.0006
    0.0221    0.8972    0.0673    0.0135
    0.0002    0.1447    0.7472    0.1079
    0.0000    0.0706    0.3603    0.5690
tm(:,:,213) =
    0.9377    0.0603    0.0013    0.0007
    0.0211    0.9004    0.0660    0.0126
    0.0006    0.1438    0.7440    0.1116
    0.0000    0.0707    0.3757    0.5536
tm(:,:,214) =
    0.9353    0.0621    0.0026    0.0000
    0.0218    0.9020    0.0633    0.0128
    0.0008    0.1373    0.7531    0.1087
    0.0000    0.0755    0.3739    0.5507
tm(:,:,215) =
    0.9254    0.0727    0.0018    0.0001
    0.0231    0.9022    0.0615    0.0132
    0.0005    0.1500    0.7406    0.1088
    0.0007    0.0575    0.3744    0.5673
tm(:,:,216) =
    0.9284    0.0708    0.0008    0.0000
    0.0241    0.8996    0.0647    0.0115
    0.0004    0.1492    0.7385    0.1118
    0.0000    0.0639    0.3729    0.5632
tm(:,:,217) =
    0.9372    0.0616    0.0012    0.0000
    0.0200    0.9007    0.0658    0.0135
    0.0011    0.1551    0.7343    0.1095
    0.0002    0.0582    0.3993    0.5423
tm(:,:,218) =
    0.9311    0.0647    0.0042    0.0000
    0.0195    0.9057    0.0609    0.0139
    0.0011    0.1454    0.7373    0.1162
    0.0000    0.0681    0.3829    0.5490
tm(:,:,219) =
    0.9314    0.0651    0.0035    0.0000
    0.0200    0.9017    0.0647    0.0136
    0.0022    0.1411    0.7460    0.1107
    0.0001    0.0666    0.3699    0.5634
tm(:,:,220) =
