tm(:,:,1) =
    0.8106    0.1894    0.0001
    0.0879    0.5864    0.3258
    0.0000    0.3624    0.6376
tm(:,:,2) =
    0.8407    0.1592    0.0002
    0.0812    0.5679    0.3508
    0.0001    0.3547    0.6451
tm(:,:,3) =
    0.8025    0.1974    0.0000
    0.0996    0.5606    0.3398
    0.0000    0.3424    0.6576
tm(:,:,4) =
    0.8306    0.1693    0.0000
    0.0927    0.5878    0.3196
    0.0017    0.3501    0.6482
tm(:,:,5) =
    0.8038    0.1960    0.0003
    0.1066    0.5290    0.3643
    0.0032    0.3660    0.6308
tm(:,:,6) =
    0.8402    0.1568    0.0030
    0.0738    0.5867    0.3395
    0.0019    0.3253    0.6728
tm(:,:,7) =
    0.8613    0.1385    0.0002
    0.0454    0.6239    0.3307
    0.0045    0.3286    0.6669
tm(:,:,8) =
    0.8148    0.1852    0.0000
    0.0727    0.5822    0.3451
    0.0152    0.3145    0.6702
tm(:,:,9) =
    0.8305    0.1695    0.0000
    0.0897    0.5803    0.3300
    0.0065    0.3092    0.6843
tm(:,:,10) =
    0.7648    0.2352    0.0000
    0.0851    0.6650    0.2500
    0.0010    0.2461    0.7530
tm(:,:,11) =
    0.8165    0.1834    0.0000
    0.0879    0.6051    0.3070
    0.0123    0.2942    0.6935
tm(:,:,12) =
    0.8079    0.1921    0.0000
    0.0783    0.6274    0.2943
    0.0003    0.3243    0.6754
tm(:,:,13) =
    0.7718    0.2258    0.0024
    0.0842    0.6218    0.2940
    0.0009    0.3211    0.6780
tm(:,:,14) =
    0.7823    0.2175    0.0002
    0.0838    0.6245    0.2917
    0.0078    0.3347    0.6575
tm(:,:,15) =
    0.8438    0.1561    0.0000
    0.0536    0.6386    0.3078
    0.0061    0.3761    0.6177
tm(:,:,16) =
    0.8025    0.1974    0.0001
    0.0553    0.6626    0.2822
    0.0108    0.3246    0.6645
tm(:,:,17) =
    0.8525    0.1471    0.0004
    0.0439    0.6595    0.2966
    0.0014    0.3281    0.6705
tm(:,:,18) =
    0.8384    0.1615    0.0001
    0.0674    0.6389    0.2938
    0.0000    0.3369    0.6630
tm(:,:,19) =
    0.8213    0.1784    0.0003
    0.0607    0.6297    0.3095
    0.0000    0.3329    0.6671
tm(:,:,20) =
    0.8183    0.1816    0.0000
    0.0716    0.6646    0.2638
    0.0000    0.3379    0.6621
tm(:,:,21) =
    0.8040    0.1956    0.0004
    0.0686    0.6078    0.3236
    0.0000    0.3600    0.6400
tm(:,:,22) =
    0.8026    0.1973    0.0001
    0.0582    0.6394    0.3023
    0.0000    0.3168    0.6832
tm(:,:,23) =
    0.7952    0.2045    0.0004
    0.0635    0.6550    0.2815
    0.0004    0.3575    0.6421
tm(:,:,24) =
    0.8094    0.1906    0.0000
    0.0547    0.6819    0.2633
    0.0000    0.3093    0.6907
tm(:,:,25) =
    0.7933    0.2066    0.0001
    0.0572    0.6654    0.2774
    0.0002    0.2863    0.7135
tm(:,:,26) =
    0.7628    0.2281    0.0091
    0.0801    0.6480    0.2719
    0.0001    0.2609    0.7390
tm(:,:,27) =
    0.8279    0.1718    0.0004
    0.0647    0.6668    0.2685
    0.0000    0.3120    0.6880
tm(:,:,28) =
    0.8273    0.1727    0.0000
    0.0659    0.6374    0.2967
    0.0000    0.3157    0.6843
tm(:,:,29) =
    0.7949    0.2042    0.0010
    0.0876    0.6012    0.3112
    0.0000    0.3434    0.6566
tm(:,:,30) =
    0.7764    0.2235    0.0001
    0.0949    0.5866    0.3184
    0.0000    0.3610    0.6390
tm(:,:,31) =
    0.7895    0.2104    0.0001
    0.0942    0.5902    0.3156
    0.0008    0.3371    0.6621
tm(:,:,32) =
    0.8067    0.1912    0.0021
    0.1077    0.5434    0.3489
    0.0000    0.3754    0.6246
tm(:,:,33) =
    0.7752    0.2226    0.0022
    0.0997    0.5682    0.3322
    0.0035    0.3743    0.6222
tm(:,:,34) =
    0.8127    0.1872    0.0001
    0.1282    0.5537    0.3181
    0.0000    0.3359    0.6641
tm(:,:,35) =
    0.7865    0.2135    0.0000
    0.0841    0.6038    0.3121
    0.0000    0.3424    0.6576
tm(:,:,36) =
    0.7854    0.2146    0.0000
    0.1179    0.5558    0.3262
    0.0000    0.3089    0.6911
tm(:,:,37) =
    0.7547    0.2451    0.0002
    0.1009    0.5721    0.3269
    0.0001    0.2729    0.7271
tm(:,:,38) =
    0.7368    0.2596    0.0036
    0.0867    0.6445    0.2687
    0.0000    0.2738    0.7262
tm(:,:,39) =
    0.7586    0.2250    0.0164
    0.0962    0.6184    0.2854
    0.0000    0.2837    0.7163
tm(:,:,40) =
    0.7809    0.2080    0.0111
    0.1060    0.5980    0.2960
    0.0011    0.3122    0.6867
tm(:,:,41) =
    0.8083    0.1786    0.0131
    0.0768    0.5860    0.3372
    0.0026    0.3336    0.6637
tm(:,:,42) =
    0.8277    0.1524    0.0198
    0.0594    0.5945    0.3462
    0.0009    0.3088    0.6903
tm(:,:,43) =
    0.8397    0.1236    0.0368
    0.0627    0.6178    0.3194
    0.0005    0.3415    0.6580
tm(:,:,44) =
    0.8586    0.1060    0.0354
    0.0491    0.6884    0.2625
    0.0025    0.3044    0.6931
tm(:,:,45) =
    0.8778    0.0896    0.0326
    0.0526    0.6409    0.3065
    0.0053    0.2945    0.7001
tm(:,:,46) =
    0.8539    0.0993    0.0468
    0.0421    0.6603    0.2976
    0.0081    0.3072    0.6847
tm(:,:,47) =
    0.8619    0.0885    0.0496
    0.0718    0.6358    0.2924
    0.0041    0.3271    0.6688
tm(:,:,48) =
    0.8190    0.1143    0.0668
    0.0849    0.6323    0.2827
    0.0016    0.2890    0.7094
tm(:,:,49) =
    0.8597    0.1008    0.0395
    0.0819    0.5778    0.3403
    0.0070    0.3366    0.6564
tm(:,:,50) =
    0.8552    0.1260    0.0188
    0.0513    0.6664    0.2824
    0.0027    0.3343    0.6631
tm(:,:,51) =
    0.8953    0.0721    0.0326
    0.0477    0.6887    0.2636
    0.0018    0.2645    0.7337
tm(:,:,52) =
    0.8582    0.0870    0.0548
    0.0466    0.7007    0.2526
    0.0004    0.2669    0.7327
tm(:,:,53) =
    0.9205    0.0526    0.0269
    0.0224    0.7294    0.2482
    0.0015    0.2416    0.7568
tm(:,:,54) =
    0.8507    0.1189    0.0303
    0.0565    0.6783    0.2653
    0.0000    0.2511    0.7489
tm(:,:,55) =
    0.8884    0.0965    0.0151
    0.0519    0.7366    0.2116
    0.0017    0.2284    0.7699
tm(:,:,56) =
    0.8491    0.1341    0.0168
    0.0578    0.6975    0.2447
    0.0005    0.2330    0.7666
tm(:,:,57) =
    0.8281    0.1602    0.0118
    0.0552    0.6600    0.2848
    0.0000    0.2935    0.7065
tm(:,:,58) =
    0.8203    0.1712    0.0085
    0.0452    0.6971    0.2577
    0.0000    0.2697    0.7303
tm(:,:,59) =
    0.8147    0.1673    0.0181
    0.0536    0.7038    0.2427
    0.0000    0.2543    0.7457
tm(:,:,60) =
    0.8587    0.1237    0.0176
    0.0581    0.6805    0.2613
    0.0000    0.2854    0.7146
tm(:,:,61) =
    0.8467    0.1167    0.0366
    0.0583    0.7092    0.2326
    0.0020    0.2460    0.7520
tm(:,:,62) =
    0.8380    0.0742    0.0877
    0.0549    0.6986    0.2465
    0.0000    0.2256    0.7744
tm(:,:,63) =
    0.8921    0.0842    0.0238
    0.0509    0.6932    0.2559
    0.0007    0.2335    0.7658
tm(:,:,64) =
    0.8876    0.0734    0.0389
    0.0441    0.7066    0.2493
    0.0014    0.2637    0.7350
tm(:,:,65) =
    0.8822    0.0929    0.0249
    0.0417    0.7085    0.2498
    0.0003    0.2468    0.7529
tm(:,:,66) =
    0.8526    0.1152    0.0322
    0.0628    0.6933    0.2440
    0.0001    0.2629    0.7370
tm(:,:,67) =
    0.8355    0.1415    0.0229
    0.0488    0.6748    0.2764
    0.0022    0.3288    0.6690
tm(:,:,68) =
    0.8631    0.1351    0.0018
    0.0559    0.6639    0.2802
    0.0001    0.3265    0.6734
tm(:,:,69) =
    0.8524    0.1278    0.0198
    0.0727    0.6188    0.3084
    0.0035    0.3447    0.6518
tm(:,:,70) =
    0.8359    0.1513    0.0128
    0.0475    0.6350    0.3176
    0.0007    0.3500    0.6493
tm(:,:,71) =
    0.8296    0.1347    0.0357
    0.0470    0.6937    0.2593
    0.0000    0.2927    0.7073
tm(:,:,72) =
    0.8684    0.1207    0.0109
    0.0379    0.6650    0.2971
    0.0000    0.3307    0.6693
tm(:,:,73) =
    0.8446    0.1349    0.0204
    0.0563    0.6228    0.3209
    0.0000    0.3450    0.6550
tm(:,:,74) =
    0.8454    0.1371    0.0175
    0.0638    0.6420    0.2942
    0.0000    0.3516    0.6484
tm(:,:,75) =
    0.8566    0.0964    0.0470
    0.0642    0.6557    0.2800
    0.0000    0.3347    0.6653
tm(:,:,76) =
    0.8310    0.1301    0.0389
    0.0549    0.6561    0.2889
    0.0000    0.3043    0.6957
tm(:,:,77) =
    0.8253    0.1564    0.0182
    0.0774    0.6136    0.3089
    0.0000    0.3291    0.6709
tm(:,:,78) =
    0.8625    0.1142    0.0233
    0.0699    0.6687    0.2614
    0.0007    0.2757    0.7236
tm(:,:,79) =
    0.8180    0.1766    0.0054
    0.0796    0.6033    0.3171
    0.0002    0.2850    0.7149
tm(:,:,80) =
    0.8397    0.1454    0.0149
    0.0715    0.6762    0.2523
    0.0001    0.2600    0.7399
tm(:,:,81) =
    0.8760    0.1083    0.0157
    0.0392    0.6645    0.2962
    0.0024    0.3092    0.6885
tm(:,:,82) =
    0.8465    0.1282    0.0253
    0.0482    0.6754    0.2763
    0.0063    0.3118    0.6819
tm(:,:,83) =
    0.8691    0.1124    0.0185
    0.0531    0.6492    0.2977
    0.0092    0.3531    0.6377
tm(:,:,84) =
    0.8550    0.1149    0.0301
    0.0672    0.6676    0.2652
    0.0055    0.3040    0.6906
tm(:,:,85) =
    0.8741    0.0840    0.0419
    0.0562    0.7104    0.2334
    0.0040    0.2699    0.7261
tm(:,:,86) =
    0.8994    0.0758    0.0247
    0.0424    0.7144    0.2432
    0.0082    0.2911    0.7007
tm(:,:,87) =
    0.9015    0.0746    0.0239
    0.0250    0.6892    0.2858
    0.0064    0.2633    0.7303
tm(:,:,88) =
    0.9140    0.0741    0.0118
    0.0284    0.6930    0.2786
    0.0070    0.2937    0.6993
tm(:,:,89) =
    0.8764    0.0920    0.0316
    0.0358    0.6584    0.3058
    0.0078    0.2945    0.6977
tm(:,:,90) =
    0.8819    0.0727    0.0454
    0.0375    0.6859    0.2766
    0.0080    0.2739    0.7181
tm(:,:,91) =
    0.8945    0.0946    0.0109
    0.0367    0.6551    0.3082
    0.0091    0.2724    0.7185
tm(:,:,92) =
    0.8777    0.1038    0.0184
    0.0331    0.6945    0.2724
    0.0134    0.2163    0.7703
tm(:,:,93) =
    0.8710    0.0800    0.0490
    0.0402    0.6800    0.2798
    0.0068    0.2492    0.7440
tm(:,:,94) =
    0.8634    0.1060    0.0306
    0.0486    0.6918    0.2596
    0.0057    0.2431    0.7512
tm(:,:,95) =
    0.8467    0.1219    0.0314
    0.0542    0.6662    0.2796
    0.0189    0.2494    0.7317
tm(:,:,96) =
    0.7940    0.1835    0.0225
    0.0356    0.6996    0.2649
    0.0159    0.2453    0.7388
tm(:,:,97) =
    0.8520    0.1308    0.0172
    0.0425    0.7357    0.2219
    0.0123    0.2430    0.7447
tm(:,:,98) =
    0.8265    0.1654    0.0082
    0.0367    0.7106    0.2526
    0.0143    0.2713    0.7144
tm(:,:,99) =
    0.8409    0.1591    0.0000
    0.0523    0.6322    0.3155
    0.0112    0.2933    0.6955
tm(:,:,100) =
    0.8069    0.1923    0.0008
    0.0516    0.6857    0.2627
    0.0080    0.3082    0.6839
tm(:,:,101) =
    0.8247    0.1753    0.0000
    0.0816    0.6208    0.2976
    0.0119    0.2837    0.7043
tm(:,:,102) =
    0.8090    0.1910    0.0000
    0.0535    0.6066    0.3399
    0.0162    0.3374    0.6464
tm(:,:,103) =
    0.8134    0.1865    0.0001
    0.0663    0.6622    0.2714
    0.0110    0.3023    0.6867
tm(:,:,104) =
    0.8199    0.1801    0.0000
    0.0672    0.6226    0.3102
    0.0081    0.3472    0.6447
tm(:,:,105) =
    0.7942    0.2058    0.0000
    0.0904    0.6457    0.2640
    0.0094    0.3167    0.6739
tm(:,:,106) =
    0.8273    0.1727    0.0001
    0.0571    0.6495    0.2934
    0.0037    0.3008    0.6955
tm(:,:,107) =
    0.7930    0.2070    0.0000
    0.0672    0.6647    0.2682
    0.0147    0.3196    0.6656
tm(:,:,108) =
    0.8264    0.1703    0.0034
    0.0711    0.6422    0.2868
    0.0084    0.3009    0.6907
tm(:,:,109) =
    0.8057    0.1862    0.0081
    0.0631    0.6738    0.2630
    0.0064    0.2660    0.7276
tm(:,:,110) =
    0.7968    0.2020    0.0012
    0.0848    0.6054    0.3099
    0.0063    0.3047    0.6891
tm(:,:,111) =
    0.8310    0.1656    0.0033
    0.0760    0.6265    0.2975
    0.0023    0.3060    0.6917
tm(:,:,112) =
    0.8156    0.1841    0.0003
    0.0722    0.6173    0.3105
    0.0009    0.3351    0.6640
tm(:,:,113) =
    0.8111    0.1879    0.0010
    0.0969    0.6062    0.2968
    0.0036    0.3011    0.6953
tm(:,:,114) =
    0.7365    0.2545    0.0090
    0.1107    0.6017    0.2876
    0.0004    0.2644    0.7352
tm(:,:,115) =
    0.8409    0.1474    0.0117
    0.0892    0.5794    0.3314
    0.0006    0.3075    0.6920
tm(:,:,116) =
    0.8090    0.1655    0.0255
    0.0802    0.6086    0.3112
    0.0001    0.3331    0.6668
tm(:,:,117) =
    0.7531    0.2165    0.0304
    0.0841    0.6376    0.2783
    0.0000    0.3085    0.6914
tm(:,:,118) =
    0.7935    0.1913    0.0152
    0.1002    0.6425    0.2574
    0.0009    0.3038    0.6953
tm(:,:,119) =
    0.8173    0.1689    0.0138
    0.0596    0.6903    0.2501
    0.0024    0.2739    0.7237
tm(:,:,120) =
    0.8041    0.1781    0.0178
    0.0774    0.6579    0.2647
    0.0065    0.3021    0.6914
tm(:,:,121) =
    0.7839    0.1950    0.0211
    0.0899    0.6146    0.2955
    0.0033    0.3309    0.6658
tm(:,:,122) =
    0.8197    0.1606    0.0197
    0.0708    0.6737    0.2555
    0.0009    0.2852    0.7138
tm(:,:,123) =
    0.8308    0.1487    0.0205
    0.0704    0.6732    0.2565
    0.0022    0.2749    0.7229
tm(:,:,124) =
    0.8063    0.1689    0.0248
    0.0666    0.6568    0.2766
    0.0021    0.2925    0.7054
tm(:,:,125) =
    0.8201    0.1322    0.0477
    0.0607    0.6550    0.2843
    0.0018    0.2793    0.7189
tm(:,:,126) =
    0.8508    0.1205    0.0287
    0.0486    0.6891    0.2624
    0.0018    0.2669    0.7313
tm(:,:,127) =
    0.8442    0.1305    0.0253
    0.0626    0.6784    0.2590
    0.0008    0.2673    0.7319
tm(:,:,128) =
    0.8444    0.1126    0.0431
    0.1015    0.6598    0.2387
    0.0033    0.2922    0.7045
tm(:,:,129) =
    0.8799    0.1095    0.0106
    0.0627    0.6495    0.2878
    0.0000    0.3257    0.6743
tm(:,:,130) =
    0.8451    0.1442    0.0106
    0.0647    0.6493    0.2860
    0.0005    0.3088    0.6908
tm(:,:,131) =
    0.8149    0.1698    0.0153
    0.1078    0.5999    0.2923
    0.0000    0.2795    0.7205
tm(:,:,132) =
    0.7677    0.2231    0.0091
    0.0917    0.6286    0.2797
    0.0001    0.2571    0.7428
tm(:,:,133) =
    0.7986    0.1914    0.0100
    0.0995    0.5975    0.3029
    0.0000    0.2839    0.7161
tm(:,:,134) =
    0.7981    0.2015    0.0004
    0.0789    0.6412    0.2799
    0.0009    0.2793    0.7198
tm(:,:,135) =
    0.8198    0.1748    0.0029
    0.0604    0.6178    0.3218
    0.0096    0.3079    0.6825
tm(:,:,136) =
    0.8538    0.1411    0.0051
    0.0615    0.6128    0.3257
    0.0018    0.3359    0.6623
tm(:,:,137) =
    0.8442    0.1404    0.0155
    0.0681    0.6194    0.3124
    0.0014    0.3092    0.6895
tm(:,:,138) =
    0.8408    0.1573    0.0019
    0.0555    0.6682    0.2763
    0.0000    0.3039    0.6961
tm(:,:,139) =
    0.8390    0.1402    0.0208
    0.0643    0.6445    0.2912
    0.0000    0.3021    0.6979
tm(:,:,140) =
    0.8732    0.1108    0.0160
    0.0632    0.6455    0.2914
    0.0002    0.3223    0.6776
tm(:,:,141) =
    0.8215    0.1249    0.0536
    0.0818    0.6394    0.2788
    0.0010    0.3106    0.6884
tm(:,:,142) =
    0.8400    0.1335    0.0265
    0.0924    0.6032    0.3044
    0.0028    0.2768    0.7204
tm(:,:,143) =
    0.8286    0.1412    0.0302
    0.0962    0.5983    0.3055
    0.0000    0.2982    0.7018
tm(:,:,144) =
    0.8271    0.1610    0.0119
    0.0909    0.6316    0.2776
    0.0000    0.3040    0.6960
tm(:,:,145) =
    0.8243    0.1663    0.0094
    0.0755    0.6340    0.2905
    0.0001    0.2822    0.7173
tm(:,:,146) =
    0.8243    0.1335    0.0422
    0.0775    0.6682    0.2543
    0.0000    0.2909    0.7091
tm(:,:,147) =
    0.8244    0.1521    0.0235
    0.0799    0.6621    0.2580
    0.0000    0.3052    0.6948
tm(:,:,148) =
    0.8097    0.1597    0.0306
    0.0769    0.6298    0.2934
    0.0000    0.2872    0.7128
tm(:,:,149) =
    0.8372    0.1404    0.0224
    0.0939    0.6221    0.2840
    0.0000    0.3097    0.6903
tm(:,:,150) =
    0.8383    0.1590    0.0027
    0.0624    0.6258    0.3119
    0.0048    0.2965    0.6987
tm(:,:,151) =
    0.8171    0.1829    0.0000
    0.0752    0.6266    0.2982
    0.0004    0.2980    0.7016
tm(:,:,152) =
    0.8178    0.1819    0.0003
    0.0992    0.6141    0.2867
    0.0009    0.2964    0.7027
tm(:,:,153) =
    0.8070    0.1929    0.0001
    0.0843    0.6105    0.3052
    0.0000    0.3106    0.6894
tm(:,:,154) =
    0.8089    0.1910    0.0001
    0.0964    0.6087    0.2949
    0.0000    0.3539    0.6461
tm(:,:,155) =
    0.8434    0.1536    0.0030
    0.0617    0.6165    0.3217
    0.0000    0.3167    0.6833
tm(:,:,156) =
    0.7930    0.2066    0.0003
    0.0728    0.6325    0.2947
    0.0003    0.2848    0.7148
tm(:,:,157) =
    0.8422    0.1578    0.0000
    0.0527    0.6763    0.2710
    0.0001    0.3111    0.6888
tm(:,:,158) =
    0.8076    0.1918    0.0006
    0.0717    0.6494    0.2789
    0.0000    0.2709    0.7291
tm(:,:,159) =
    0.8289    0.1686    0.0025
    0.0601    0.6618    0.2782
    0.0001    0.2838    0.7162
tm(:,:,160) =
    0.7750    0.2250    0.0000
    0.0791    0.6261    0.2949
    0.0020    0.3188    0.6792
tm(:,:,161) =
    0.8266    0.1733    0.0001
    0.0591    0.6544    0.2865
    0.0000    0.3108    0.6892
tm(:,:,162) =
    0.8115    0.1883    0.0001
    0.0707    0.6500    0.2793
    0.0009    0.3006    0.6984
tm(:,:,163) =
    0.8479    0.1508    0.0013
    0.0534    0.6534    0.2931
    0.0000    0.3006    0.6994
tm(:,:,164) =
    0.8023    0.1976    0.0001
    0.0611    0.6445    0.2944
    0.0000    0.3119    0.6881
tm(:,:,165) =
    0.8163    0.1834    0.0003
    0.0733    0.6358    0.2910
    0.0010    0.3282    0.6708
tm(:,:,166) =
    0.7792    0.2206    0.0002
    0.0736    0.6427    0.2836
    0.0000    0.3282    0.6718
tm(:,:,167) =
    0.7732    0.2267    0.0001
    0.0833    0.6460    0.2707
    0.0000    0.2958    0.7042
tm(:,:,168) =
    0.8265    0.1730    0.0005
    0.0730    0.5970    0.3300
    0.0000    0.3158    0.6842
tm(:,:,169) =
    0.8317    0.1668    0.0015
    0.0810    0.6104    0.3087
    0.0012    0.3311    0.6677
tm(:,:,170) =
    0.8010    0.1990    0.0000
    0.0912    0.5908    0.3180
    0.0002    0.3063    0.6935
tm(:,:,171) =
    0.8180    0.1819    0.0000
    0.0883    0.6136    0.2982
    0.0027    0.3149    0.6824
tm(:,:,172) =
    0.8196    0.1804    0.0000
    0.0663    0.6159    0.3178
    0.0013    0.3034    0.6953
tm(:,:,173) =
    0.8058    0.1942    0.0000
    0.0965    0.6166    0.2870
    0.0022    0.2964    0.7013
tm(:,:,174) =
    0.8012    0.1986    0.0002
    0.0824    0.6525    0.2650
    0.0082    0.2978    0.6940
tm(:,:,175) =
    0.7849    0.2151    0.0000
    0.0748    0.6434    0.2818
    0.0063    0.3121    0.6815
tm(:,:,176) =
    0.8173    0.1809    0.0019
    0.0602    0.6544    0.2854
    0.0034    0.2895    0.7071
tm(:,:,177) =
    0.8592    0.1341    0.0068
    0.0495    0.6670    0.2835
    0.0074    0.3130    0.6796
tm(:,:,178) =
    0.8041    0.1916    0.0043
    0.0549    0.6789    0.2662
    0.0013    0.3113    0.6874
tm(:,:,179) =
    0.7920    0.2079    0.0001
    0.0767    0.6718    0.2515
    0.0073    0.2610    0.7317
tm(:,:,180) =
    0.7587    0.2412    0.0001
    0.0769    0.6828    0.2403
    0.0087    0.2687    0.7226
tm(:,:,181) =
    0.8104    0.1896    0.0000
    0.0862    0.6725    0.2412
    0.0045    0.2559    0.7397
tm(:,:,182) =
    0.8333    0.1667    0.0000
    0.0652    0.6807    0.2542
    0.0066    0.2620    0.7314
tm(:,:,183) =
    0.7888    0.2112    0.0000
    0.0587    0.6888    0.2525
    0.0075    0.2661    0.7264
tm(:,:,184) =
    0.8622    0.1378    0.0000
    0.0428    0.6959    0.2613
    0.0034    0.2798    0.7168
tm(:,:,185) =
    0.8502    0.1498    0.0000
    0.0438    0.6671    0.2891
    0.0138    0.2669    0.7193
tm(:,:,186) =
    0.8390    0.1583    0.0026
    0.0496    0.6639    0.2865
    0.0081    0.2844    0.7075
tm(:,:,187) =
    0.8241    0.1718    0.0040
    0.0676    0.6548    0.2776
    0.0084    0.2627    0.7288
tm(:,:,188) =
    0.8037    0.1932    0.0031
    0.0683    0.6438    0.2879
    0.0084    0.2724    0.7192
tm(:,:,189) =
    0.8002    0.1998    0.0000
    0.0654    0.7074    0.2272
    0.0019    0.2325    0.7656
tm(:,:,190) =
    0.8083    0.1893    0.0025
    0.0737    0.6557    0.2705
    0.0006    0.3041    0.6953
tm(:,:,191) =
    0.8143    0.1537    0.0320
    0.0699    0.6653    0.2648
    0.0034    0.2946    0.7020
tm(:,:,192) =
    0.8046    0.1533    0.0421
    0.0864    0.6485    0.2651
    0.0008    0.2851    0.7141
tm(:,:,193) =
    0.8400    0.1375    0.0225
    0.0831    0.6103    0.3066
    0.0009    0.3128    0.6863
tm(:,:,194) =
    0.8666    0.1133    0.0201
    0.0698    0.6522    0.2780
    0.0000    0.3094    0.6906
tm(:,:,195) =
    0.8642    0.1259    0.0100
    0.0581    0.6583    0.2836
    0.0003    0.3209    0.6788
tm(:,:,196) =
    0.8911    0.0919    0.0170
    0.0536    0.6555    0.2909
    0.0000    0.3066    0.6934
tm(:,:,197) =
    0.8839    0.0824    0.0336
    0.0507    0.6700    0.2794
    0.0001    0.3221    0.6778
tm(:,:,198) =
    0.8381    0.1383    0.0236
    0.0727    0.6576    0.2697
    0.0000    0.3050    0.6950
tm(:,:,199) =
    0.8626    0.1252    0.0122
    0.0634    0.6864    0.2502
    0.0019    0.2931    0.7049
tm(:,:,200) =
    0.8460    0.1320    0.0220
    0.0750    0.6502    0.2748
    0.0000    0.3155    0.6845
tm(:,:,201) =
    0.8206    0.1547    0.0237
    0.0700    0.6503    0.2797
    0.0000    0.3199    0.6801
tm(:,:,202) =
    0.8085    0.1741    0.0175
    0.0832    0.6578    0.2589
    0.0001    0.3072    0.6927
tm(:,:,203) =
    0.7937    0.1685    0.0378
    0.0694    0.6850    0.2456
    0.0000    0.2778    0.7222
tm(:,:,204) =
    0.8345    0.1357    0.0297
    0.0729    0.6582    0.2681
    0.0000    0.2976    0.7023
tm(:,:,205) =
    0.8252    0.1322    0.0427
    0.1022    0.5946    0.3032
    0.0000    0.3110    0.6890
tm(:,:,206) =
    0.8326    0.1587    0.0087
    0.0923    0.6012    0.3065
    0.0000    0.3203    0.6797
tm(:,:,207) =
    0.8380    0.1432    0.0188
    0.0822    0.6384    0.2795
    0.0000    0.2950    0.7049
tm(:,:,208) =
    0.8608    0.1072    0.0320
    0.0582    0.6508    0.2911
    0.0029    0.2968    0.7004
tm(:,:,209) =
    0.8376    0.1031    0.0594
    0.0702    0.6792    0.2506
    0.0002    0.2679    0.7319
tm(:,:,210) =
    0.8754    0.0690    0.0556
    0.0647    0.6645    0.2708
    0.0000    0.2966    0.7034
tm(:,:,211) =
    0.8575    0.0865    0.0560
    0.0564    0.6815    0.2621
    0.0022    0.2676    0.7302
tm(:,:,212) =
    0.8576    0.1165    0.0258
    0.0594    0.6701    0.2705
    0.0002    0.2928    0.7071
tm(:,:,213) =
    0.8719    0.1222    0.0058
    0.0567    0.7075    0.2358
    0.0000    0.2843    0.7157
tm(:,:,214) =
    0.8196    0.1804    0.0000
    0.0636    0.6188    0.3176
    0.0001    0.2977    0.7021
tm(:,:,215) =
    0.7860    0.1985    0.0155
    0.0783    0.6582    0.2635
    0.0014    0.2443    0.7543
tm(:,:,216) =
    0.7745    0.2229    0.0026
    0.0866    0.6266    0.2868
    0.0000    0.2769    0.7231
tm(:,:,217) =
    0.7955    0.2040    0.0005
    0.0806    0.6105    0.3089
    0.0000    0.2726    0.7274
tm(:,:,218) =
    0.8280    0.1720    0.0000
    0.0606    0.6062    0.3331
    0.0002    0.2643    0.7343
tm(:,:,219) =
    0.8383    0.1617    0.0000
    0.0794    0.6490    0.2716
    0.0005    0.3068    0.6927
tm(:,:,220) =
    0.8219    0.1781    0.0000
    0.0812    0.6566    0.2622
    0.0004    0.2948    0.7047
tm(:,:,221) =
    0.8014    0.1986    0.0000
    0.0730    0.6389    0.2881
    0.0001    0.2907    0.7092
tm(:,:,222) =
    0.8084    0.1916    0.0000
    0.0690    0.6614    0.2696
    0.0007    0.2902    0.7091
tm(:,:,223) =
    0.7848    0.2150    0.0002
    0.0745    0.6402    0.2853
    0.0003    0.2705    0.7292
tm(:,:,224) =
    0.7891    0.2109    0.0000
    0.0898    0.6669    0.2432
    0.0001    0.2593    0.7405
tm(:,:,225) =
    0.8257    0.1743    0.0000
    0.0599    0.6720    0.2681
    0.0000    0.2666    0.7334
tm(:,:,226) =
    0.8250    0.1750    0.0000
    0.0586    0.6498    0.2916
    0.0000    0.3129    0.6871
tm(:,:,227) =
    0.8259    0.1739    0.0002
    0.0605    0.6185    0.3210
    0.0001    0.3291    0.6708
tm(:,:,228) =
    0.7975    0.2025    0.0000
    0.0606    0.6533    0.2861
    0.0000    0.3392    0.6608
tm(:,:,229) =
    0.8388    0.1611    0.0001
    0.0637    0.6570    0.2792
    0.0000    0.2992    0.7008
tm(:,:,230) =
    0.8041    0.1844    0.0116
    0.0623    0.6631    0.2745
    0.0000    0.3164    0.6836
tm(:,:,231) =
    0.8557    0.1436    0.0007
    0.0549    0.6439    0.3012
    0.0000    0.3436    0.6564
tm(:,:,232) =
    0.8458    0.1492    0.0050
    0.0633    0.6910    0.2457
    0.0000    0.2777    0.7223
tm(:,:,233) =
    0.8326    0.1646    0.0027
    0.0642    0.6689    0.2669
    0.0000    0.2882    0.7118
tm(:,:,234) =
    0.8516    0.1419    0.0065
    0.0735    0.6439    0.2826
    0.0001    0.3028    0.6971
tm(:,:,235) =
    0.8188    0.1677    0.0135
    0.0803    0.6329    0.2869
    0.0000    0.3095    0.6905
tm(:,:,236) =
    0.7735    0.1926    0.0339
    0.0982    0.5948    0.3071
    0.0000    0.2836    0.7164
tm(:,:,237) =
    0.8229    0.1237    0.0534
    0.1061    0.5977    0.2962
    0.0000    0.2866    0.7134
tm(:,:,238) =
    0.7990    0.1548    0.0462
    0.1086    0.6181    0.2733
    0.0014    0.2873    0.7113
tm(:,:,239) =
    0.8561    0.1188    0.0251
    0.0783    0.6212    0.3004
    0.0000    0.3042    0.6958
tm(:,:,240) =
    0.8381    0.1409    0.0210
    0.0757    0.6332    0.2911
    0.0014    0.3202    0.6785
tm(:,:,241) =
    0.8454    0.1293    0.0253
    0.0669    0.6268    0.3063
    0.0002    0.3610    0.6388
tm(:,:,242) =
    0.8191    0.1701    0.0109
    0.0604    0.6292    0.3105
    0.0020    0.3413    0.6567
tm(:,:,243) =
    0.8307    0.1616    0.0077
    0.0769    0.6311    0.2919
    0.0049    0.3227    0.6724
tm(:,:,244) =
    0.8124    0.1635    0.0242
    0.0745    0.6501    0.2754
    0.0056    0.3195    0.6749
tm(:,:,245) =
    0.8505    0.1284    0.0211
    0.0575    0.6916    0.2509
    0.0000    0.2941    0.7059
tm(:,:,246) =
    0.8718    0.1019    0.0264
    0.0344    0.7131    0.2525
    0.0025    0.2808    0.7166
tm(:,:,247) =
    0.8344    0.1549    0.0107
    0.0537    0.6779    0.2685
    0.0018    0.2612    0.7370
tm(:,:,248) =
    0.8109    0.1848    0.0043
    0.0414    0.7121    0.2465
    0.0011    0.2623    0.7366
tm(:,:,249) =
    0.8528    0.1219    0.0253
    0.0568    0.6811    0.2621
    0.0026    0.2806    0.7167
tm(:,:,250) =
    0.8181    0.1404    0.0415
    0.0639    0.6429    0.2933
    0.0042    0.2928    0.7029
tm(:,:,251) =
    0.7919    0.1882    0.0199
    0.0611    0.6358    0.3031
    0.0020    0.3329    0.6651
tm(:,:,252) =
    0.8222    0.1662    0.0117
    0.0623    0.6808    0.2569
    0.0046    0.3263    0.6691
tm(:,:,253) =
    0.8223    0.1598    0.0178
    0.0625    0.6510    0.2865
    0.0038    0.2942    0.7020
tm(:,:,254) =
    0.7603    0.2263    0.0134
    0.0776    0.6433    0.2791
    0.0055    0.2703    0.7242
tm(:,:,255) =
    0.8152    0.1667    0.0181
    0.0898    0.6007    0.3095
    0.0034    0.2982    0.6984
tm(:,:,256) =
    0.7975    0.1988    0.0037
    0.0758    0.6305    0.2937
    0.0006    0.3336    0.6658
tm(:,:,257) =
    0.7817    0.2149    0.0034
    0.1065    0.5766    0.3169
    0.0083    0.3200    0.6716
tm(:,:,258) =
    0.8225    0.1727    0.0048
    0.0669    0.6464    0.2866
    0.0001    0.2929    0.7070
tm(:,:,259) =
    0.8121    0.1840    0.0039
    0.0827    0.5615    0.3558
    0.0071    0.3262    0.6667
tm(:,:,260) =
    0.8230    0.1664    0.0106
    0.0637    0.6364    0.2999
    0.0099    0.3353    0.6549
tm(:,:,261) =
    0.8169    0.1760    0.0071
    0.0722    0.6490    0.2788
    0.0024    0.3220    0.6755
tm(:,:,262) =
    0.8020    0.1893    0.0087
    0.0926    0.6220    0.2854
    0.0048    0.2869    0.7083
tm(:,:,263) =
    0.8137    0.1763    0.0100
    0.0465    0.6560    0.2974
    0.0111    0.2882    0.7007
tm(:,:,264) =
    0.8652    0.1344    0.0005
    0.0758    0.6439    0.2803
    0.0102    0.2825    0.7073
tm(:,:,265) =
    0.8346    0.1425    0.0229
    0.0738    0.6430    0.2832
    0.0027    0.2841    0.7132
tm(:,:,266) =
    0.8690    0.1154    0.0156
    0.0583    0.6204    0.3213
    0.0003    0.2746    0.7251
tm(:,:,267) =
    0.8534    0.1145    0.0321
    0.0592    0.6347    0.3060
    0.0000    0.2944    0.7056
tm(:,:,268) =
    0.8694    0.0996    0.0310
    0.0592    0.6674    0.2734
    0.0000    0.2837    0.7163
tm(:,:,269) =
    0.8653    0.0882    0.0465
    0.0539    0.6976    0.2485
    0.0012    0.2509    0.7479
tm(:,:,270) =
    0.8731    0.1100    0.0169
    0.0405    0.6976    0.2618
    0.0049    0.2904    0.7046
tm(:,:,271) =
    0.8734    0.0742    0.0524
    0.0608    0.6700    0.2692
    0.0039    0.2912    0.7049
tm(:,:,272) =
    0.8287    0.1297    0.0416
    0.0675    0.6945    0.2379
    0.0054    0.2931    0.7016
tm(:,:,273) =
    0.8506    0.0818    0.0676
    0.0656    0.6545    0.2799
    0.0031    0.2905    0.7064
tm(:,:,274) =
    0.8811    0.0715    0.0474
    0.0591    0.6455    0.2953
    0.0028    0.3354    0.6618
tm(:,:,275) =
    0.8651    0.1081    0.0269
    0.0546    0.6767    0.2687
    0.0022    0.3322    0.6656
tm(:,:,276) =
    0.8672    0.1195    0.0133
    0.0617    0.6442    0.2941
    0.0007    0.3250    0.6743
tm(:,:,277) =
    0.8406    0.1374    0.0220
    0.0724    0.6494    0.2782
    0.0033    0.3238    0.6729
tm(:,:,278) =
    0.8002    0.1804    0.0194
    0.0786    0.6161    0.3053
    0.0089    0.3259    0.6652
tm(:,:,279) =
    0.8229    0.1379    0.0392
    0.0524    0.6429    0.3047
    0.0057    0.2999    0.6944
tm(:,:,280) =
    0.8182    0.1462    0.0356
    0.0642    0.6434    0.2924
    0.0027    0.3387    0.6586
tm(:,:,281) =
    0.8129    0.1388    0.0484
    0.0653    0.6635    0.2712
    0.0161    0.2788    0.7051
tm(:,:,282) =
    0.8235    0.1360    0.0405
    0.0738    0.6506    0.2756
    0.0092    0.3043    0.6865
tm(:,:,283) =
    0.8593    0.0985    0.0422
    0.0694    0.6529    0.2777
    0.0090    0.2884    0.7025
tm(:,:,284) =
    0.8085    0.1508    0.0408
    0.0758    0.6700    0.2542
    0.0054    0.2749    0.7197
tm(:,:,285) =
    0.7840    0.1906    0.0254
    0.0714    0.6671    0.2608
    0.0179    0.2629    0.7192
tm(:,:,286) =
    0.8351    0.1636    0.0013
    0.0529    0.6775    0.2696
    0.0248    0.2301    0.7451
tm(:,:,287) =
    0.8395    0.1399    0.0205
    0.0723    0.6484    0.2793
    0.0236    0.2401    0.7362
tm(:,:,288) =
    0.8274    0.1474    0.0252
    0.0736    0.6454    0.2810
    0.0137    0.2696    0.7167
tm(:,:,289) =
    0.8348    0.1523    0.0129
    0.0527    0.6725    0.2748
    0.0102    0.2991    0.6907
tm(:,:,290) =
    0.8181    0.1688    0.0131
    0.0467    0.6420    0.3113
    0.0118    0.3409    0.6473
tm(:,:,291) =
    0.8199    0.1336    0.0465
    0.0715    0.6541    0.2744
    0.0111    0.2601    0.7288
tm(:,:,292) =
    0.7827    0.1978    0.0195
    0.0882    0.6132    0.2986
    0.0139    0.3028    0.6833
tm(:,:,293) =
    0.8287    0.1590    0.0123
    0.0541    0.6339    0.3120
    0.0108    0.3279    0.6613
tm(:,:,294) =
    0.8700    0.1216    0.0085
    0.0582    0.6399    0.3018
    0.0089    0.3094    0.6817
tm(:,:,295) =
    0.8500    0.1332    0.0167
    0.0563    0.6026    0.3411
    0.0134    0.3489    0.6377
tm(:,:,296) =
    0.8689    0.1104    0.0207
    0.0489    0.6599    0.2913
    0.0039    0.2634    0.7327
tm(:,:,297) =
    0.8489    0.1378    0.0133
    0.0479    0.7036    0.2486
    0.0063    0.2885    0.7051
tm(:,:,298) =
    0.8434    0.1268    0.0299
    0.0647    0.6430    0.2923
    0.0084    0.3057    0.6859
tm(:,:,299) =
    0.8704    0.1275    0.0021
    0.0602    0.6281    0.3117
    0.0032    0.3087    0.6880
tm(:,:,300) =
    0.8047    0.1515    0.0438
    0.0652    0.6362    0.2986
    0.0081    0.2931    0.6987
tm(:,:,301) =
    0.8235    0.1328    0.0437
    0.0624    0.6280    0.3096
    0.0050    0.3414    0.6536
tm(:,:,302) =
    0.8584    0.1118    0.0298
    0.0609    0.6105    0.3285
    0.0038    0.3369    0.6593
tm(:,:,303) =
    0.8613    0.1154    0.0233
    0.0522    0.6452    0.3026
    0.0000    0.3606    0.6394
tm(:,:,304) =
    0.8412    0.1449    0.0139
    0.0534    0.6446    0.3020
    0.0000    0.3381    0.6619
tm(:,:,305) =
    0.8655    0.1236    0.0109
    0.0748    0.6335    0.2918
    0.0008    0.3171    0.6821
tm(:,:,306) =
    0.8074    0.1746    0.0180
    0.0843    0.6399    0.2758
    0.0000    0.3174    0.6826
tm(:,:,307) =
    0.8486    0.1130    0.0384
    0.0606    0.6326    0.3069
    0.0000    0.3088    0.6912
tm(:,:,308) =
    0.8649    0.1115    0.0236
    0.0634    0.6550    0.2816
    0.0001    0.2894    0.7105
tm(:,:,309) =
    0.8557    0.1290    0.0152
    0.0593    0.6485    0.2921
    0.0008    0.2643    0.7349
tm(:,:,310) =
    0.8051    0.1682    0.0267
    0.0652    0.6567    0.2782
    0.0005    0.2704    0.7291
tm(:,:,311) =
    0.8577    0.1346    0.0077
    0.0558    0.6840    0.2602
    0.0004    0.3109    0.6887
tm(:,:,312) =
    0.7912    0.1981    0.0107
    0.0623    0.6628    0.2749
    0.0028    0.2947    0.7025
tm(:,:,313) =
    0.8218    0.1552    0.0229
    0.0575    0.6231    0.3195
    0.0107    0.3131    0.6762
tm(:,:,314) =
    0.8243    0.1703    0.0054
    0.0575    0.6530    0.2894
    0.0124    0.2860    0.7017
tm(:,:,315) =
    0.8112    0.1795    0.0094
    0.0561    0.6341    0.3098
    0.0328    0.2278    0.7393
tm(:,:,316) =
    0.8378    0.1124    0.0498
    0.0520    0.6764    0.2716
    0.0260    0.2790    0.6951
tm(:,:,317) =
    0.8263    0.1477    0.0260
    0.0532    0.6338    0.3130
    0.0244    0.2752    0.7004
tm(:,:,318) =
    0.8390    0.1374    0.0236
    0.0678    0.6190    0.3132
    0.0188    0.2826    0.6987
tm(:,:,319) =
    0.8022    0.1450    0.0513
    0.0468    0.6735    0.2797
    0.0187    0.3172    0.6641
tm(:,:,320) =
    0.8553    0.1123    0.0325
    0.0483    0.7005    0.2512
    0.0090    0.2712    0.7197
tm(:,:,321) =
    0.8378    0.1231    0.0391
    0.0467    0.6840    0.2693
    0.0161    0.2662    0.7178
tm(:,:,322) =
    0.8551    0.1055    0.0394
    0.0656    0.6955    0.2389
    0.0122    0.2815    0.7063
tm(:,:,323) =
    0.8200    0.1448    0.0353
    0.0577    0.6507    0.2916
    0.0219    0.2467    0.7314
tm(:,:,324) =
    0.8756    0.1078    0.0166
    0.0529    0.6610    0.2861
    0.0118    0.2871    0.7011
tm(:,:,325) =
    0.8791    0.0920    0.0289
    0.0616    0.6101    0.3283
    0.0232    0.3072    0.6696
tm(:,:,326) =
    0.8844    0.0891    0.0266
    0.0495    0.6397    0.3108
    0.0092    0.3482    0.6426
tm(:,:,327) =
    0.8877    0.1039    0.0085
    0.0591    0.6008    0.3393
    0.0111    0.3362    0.6527
tm(:,:,328) =
    0.8434    0.1354    0.0212
    0.0582    0.6270    0.3148
    0.0216    0.3250    0.6534
tm(:,:,329) =
    0.8530    0.1348    0.0122
    0.0568    0.6559    0.2873
    0.0276    0.2709    0.7015
tm(:,:,330) =
    0.8066    0.1891    0.0042
    0.0684    0.6035    0.3281
    0.0130    0.3164    0.6706
tm(:,:,331) =
    0.7954    0.1998    0.0048
    0.0604    0.6144    0.3252
    0.0144    0.3084    0.6772
tm(:,:,332) =
    0.8445    0.1499    0.0056
    0.0540    0.6473    0.2987
    0.0180    0.2849    0.6970
tm(:,:,333) =
    0.8391    0.1400    0.0210
    0.0383    0.6428    0.3189
    0.0328    0.2766    0.6906
tm(:,:,334) =
    0.8514    0.1333    0.0153
    0.0414    0.6681    0.2905
    0.0284    0.3100    0.6616
tm(:,:,335) =
    0.8717    0.0994    0.0289
    0.0260    0.7166    0.2574
    0.0315    0.2363    0.7322
tm(:,:,336) =
    0.8614    0.1156    0.0230
    0.0294    0.6867    0.2839
    0.0198    0.2353    0.7449
tm(:,:,337) =
    0.8452    0.1025    0.0523
    0.0461    0.7002    0.2536
    0.0168    0.2752    0.7080
tm(:,:,338) =
    0.8334    0.1362    0.0304
    0.0609    0.6216    0.3175
    0.0115    0.2748    0.7136
tm(:,:,339) =
    0.8500    0.1202    0.0298
    0.0614    0.6479    0.2906
    0.0179    0.2754    0.7067
tm(:,:,340) =
    0.8081    0.1573    0.0346
    0.0669    0.6284    0.3048
    0.0090    0.2718    0.7192
tm(:,:,341) =
    0.8258    0.1651    0.0090
    0.0674    0.6566    0.2760
    0.0149    0.2852    0.6999
tm(:,:,342) =
    0.8271    0.1568    0.0162
    0.0707    0.6401    0.2891
    0.0053    0.2986    0.6961
tm(:,:,343) =
    0.8045    0.1859    0.0096
    0.0725    0.6479    0.2796
    0.0077    0.2602    0.7321
tm(:,:,344) =
    0.8017    0.1819    0.0164
    0.0751    0.6365    0.2884
    0.0058    0.2774    0.7168
tm(:,:,345) =
    0.8144    0.1683    0.0173
    0.0560    0.6404    0.3036
    0.0116    0.2894    0.6990
tm(:,:,346) =
    0.7735    0.2137    0.0129
    0.0643    0.6601    0.2757
    0.0161    0.2694    0.7145
tm(:,:,347) =
    0.8329    0.1570    0.0101
    0.0601    0.6718    0.2681
    0.0071    0.2811    0.7118
tm(:,:,348) =
    0.7944    0.2035    0.0021
    0.0601    0.6713    0.2686
    0.0168    0.2911    0.6921
tm(:,:,349) =
    0.8743    0.1069    0.0188
    0.0600    0.6127    0.3273
    0.0027    0.3011    0.6962
tm(:,:,350) =
    0.8506    0.1339    0.0155
    0.0644    0.6809    0.2547
    0.0090    0.2754    0.7156
tm(:,:,351) =
    0.8390    0.1366    0.0244
    0.0708    0.6361    0.2931
    0.0100    0.3113    0.6787
tm(:,:,352) =
    0.8221    0.1629    0.0150
    0.0564    0.6447    0.2989
    0.0043    0.3149    0.6808
tm(:,:,353) =
    0.8116    0.1758    0.0127
    0.0695    0.6113    0.3192
    0.0039    0.2923    0.7038
tm(:,:,354) =
    0.8179    0.1583    0.0238
    0.0754    0.6220    0.3026
    0.0027    0.3487    0.6486
tm(:,:,355) =
    0.8203    0.1694    0.0103
    0.0577    0.6241    0.3182
    0.0009    0.3212    0.6780
tm(:,:,356) =
    0.8204    0.1796    0.0000
    0.0644    0.6298    0.3058
    0.0044    0.2913    0.7043
tm(:,:,357) =
    0.7880    0.2057    0.0062
    0.0589    0.6895    0.2516
    0.0043    0.2584    0.7372
tm(:,:,358) =
    0.8303    0.1695    0.0002
    0.0694    0.6545    0.2760
    0.0021    0.2607    0.7372
tm(:,:,359) =
    0.8111    0.1804    0.0085
    0.0656    0.6336    0.3007
    0.0000    0.2989    0.7011
tm(:,:,360) =
    0.8531    0.1218    0.0251
    0.0546    0.6569    0.2884
    0.0008    0.3144    0.6848
tm(:,:,361) =
    0.7915    0.1995    0.0091
    0.0723    0.6611    0.2667
    0.0004    0.3335    0.6661
tm(:,:,362) =
