ans(:,:,1) =
    0.8723    0.1271    0.0000    0.0006
    0.0787    0.8159    0.0419    0.0634
    0.0000    0.1693    0.7251    0.1056
    0.0221    0.1989    0.2679    0.5111
ans(:,:,2) =
    0.8795    0.1128    0.0034    0.0043
    0.0642    0.8267    0.0472    0.0619
    0.0011    0.1678    0.7425    0.0886
    0.0278    0.1742    0.3507    0.4473
ans(:,:,3) =
    0.8782    0.1171    0.0035    0.0012
    0.0745    0.8205    0.0432    0.0618
    0.0085    0.1461    0.7283    0.1171
    0.0568    0.1795    0.3669    0.3968
ans(:,:,4) =
    0.8588    0.1332    0.0008    0.0072
    0.0621    0.8292    0.0487    0.0599
    0.0003    0.1445    0.7660    0.0892
    0.0517    0.1655    0.2884    0.4945
ans(:,:,5) =
    0.8806    0.1161    0.0000    0.0033
    0.0440    0.8519    0.0464    0.0577
    0.0001    0.1458    0.7638    0.0902
    0.0718    0.1831    0.3327    0.4124
ans(:,:,6) =
    0.8600    0.1398    0.0000    0.0002
    0.0516    0.8415    0.0553    0.0516
    0.0001    0.1457    0.7676    0.0866
    0.0462    0.1733    0.3647    0.4158
ans(:,:,7) =
    0.8630    0.1339    0.0023    0.0008
    0.0524    0.8503    0.0430    0.0544
    0.0000    0.1190    0.7905    0.0904
    0.0364    0.2014    0.3612    0.4009
ans(:,:,8) =
    0.8735    0.1265    0.0001    0.0000
    0.0454    0.8416    0.0483    0.0646
    0.0007    0.1299    0.7828    0.0866
    0.0379    0.2306    0.2899    0.4416
ans(:,:,9) =
    0.8748    0.1252    0.0000    0.0001
    0.0420    0.8572    0.0400    0.0608
    0.0000    0.1372    0.7773    0.0855
    0.0459    0.2293    0.3144    0.4105
ans(:,:,10) =
    0.8749    0.1250    0.0000    0.0000
    0.0429    0.8609    0.0490    0.0472
    0.0000    0.1400    0.7604    0.0996
    0.0258    0.2246    0.3774    0.3722
ans(:,:,11) =
    0.8702    0.1297    0.0001    0.0000
    0.0462    0.8616    0.0450    0.0472
    0.0000    0.1594    0.7552    0.0854
    0.0123    0.2469    0.3136    0.4272
ans(:,:,12) =
    0.8932    0.1064    0.0004    0.0000
    0.0471    0.8507    0.0437    0.0585
    0.0001    0.1283    0.7825    0.0891
    0.0257    0.2827    0.2797    0.4119
ans(:,:,13) =
    0.8895    0.1091    0.0000    0.0014
    0.0479    0.8597    0.0487    0.0438
    0.0011    0.1367    0.7774    0.0848
    0.0330    0.3126    0.2212    0.4332
ans(:,:,14) =
    0.8620    0.1371    0.0005    0.0004
    0.0676    0.8261    0.0467    0.0596
    0.0003    0.1503    0.7686    0.0808
    0.0458    0.2220    0.2454    0.4867
ans(:,:,15) =
    0.8791    0.1209    0.0000    0.0000
    0.0588    0.8490    0.0317    0.0605
    0.0000    0.1322    0.7869    0.0809
    0.0387    0.2481    0.2741    0.4391
ans(:,:,16) =
    0.8685    0.1301    0.0005    0.0010
    0.0506    0.8575    0.0323    0.0596
    0.0026    0.1107    0.8266    0.0601
    0.0373    0.2714    0.2340    0.4574
ans(:,:,17) =
    0.8457    0.1516    0.0004    0.0023
    0.0625    0.8479    0.0359    0.0537
    0.0053    0.1313    0.7932    0.0702
    0.0202    0.2789    0.2353    0.4656
ans(:,:,18) =
    0.8485    0.1470    0.0023    0.0022
    0.0632    0.8358    0.0376    0.0635
    0.0213    0.1522    0.7606    0.0659
    0.0332    0.2117    0.2582    0.4970
ans(:,:,19) =
    0.8538    0.1416    0.0034    0.0012
    0.0592    0.8387    0.0499    0.0522
    0.0156    0.1180    0.7900    0.0765
    0.0285    0.2116    0.2374    0.5225
ans(:,:,20) =
    0.8598    0.1347    0.0055    0.0000
    0.0536    0.8496    0.0444    0.0524
    0.0103    0.1309    0.7966    0.0623
    0.0449    0.2119    0.2551    0.4882
ans(:,:,21) =
    0.8503    0.1451    0.0045    0.0000
    0.0797    0.8179    0.0358    0.0665
    0.0057    0.1221    0.7905    0.0816
    0.0284    0.2227    0.2832    0.4658
ans(:,:,22) =
    0.8568    0.1366    0.0066    0.0000
    0.0563    0.8415    0.0415    0.0607
    0.0136    0.1234    0.7875    0.0754
    0.0396    0.2069    0.2763    0.4772
ans(:,:,23) =
    0.8680    0.1215    0.0103    0.0001
    0.0491    0.8588    0.0410    0.0511
    0.0070    0.1335    0.7712    0.0883
    0.0254    0.1937    0.3031    0.4778
ans(:,:,24) =
    0.8600    0.1326    0.0075    0.0000
    0.0594    0.8414    0.0392    0.0601
    0.0039    0.1192    0.7873    0.0897
    0.0421    0.2417    0.2634    0.4529
ans(:,:,25) =
    0.8370    0.1550    0.0079    0.0000
    0.0565    0.8623    0.0262    0.0550
    0.0040    0.1048    0.8080    0.0832
    0.0523    0.1973    0.2715    0.4789
ans(:,:,26) =
    0.8609    0.1359    0.0031    0.0000
    0.0519    0.8467    0.0275    0.0739
    0.0097    0.1177    0.8051    0.0675
    0.0240    0.2649    0.2492    0.4619
ans(:,:,27) =
    0.8707    0.1281    0.0012    0.0000
    0.0622    0.8358    0.0347    0.0673
    0.0103    0.1375    0.7757    0.0766
    0.0215    0.2408    0.3012    0.4366
ans(:,:,28) =
    0.8579    0.1417    0.0001    0.0004
    0.0549    0.8426    0.0434    0.0591
    0.0068    0.1036    0.7743    0.1152
    0.0161    0.2812    0.2490    0.4538
ans(:,:,29) =
    0.8589    0.1405    0.0001    0.0004
    0.0565    0.8499    0.0384    0.0552
    0.0057    0.1030    0.7814    0.1100
    0.0151    0.2387    0.2575    0.4887
ans(:,:,30) =
    0.8433    0.1552    0.0006    0.0009
    0.0572    0.8455    0.0473    0.0500
    0.0144    0.1062    0.7777    0.1018
    0.0207    0.2325    0.2507    0.4960
ans(:,:,31) =
    0.8614    0.1382    0.0004    0.0000
    0.0669    0.8242    0.0477    0.0612
    0.0206    0.1371    0.7387    0.1036
    0.0364    0.1922    0.2551    0.5164
ans(:,:,32) =
    0.8682    0.1318    0.0000    0.0000
    0.0548    0.8372    0.0476    0.0604
    0.0205    0.1315    0.7535    0.0945
    0.0428    0.1862    0.2978    0.4731
ans(:,:,33) =
    0.8423    0.1577    0.0000    0.0000
    0.0823    0.8256    0.0366    0.0555
    0.0014    0.1100    0.7873    0.1013
    0.0502    0.1984    0.3293    0.4221
ans(:,:,34) =
    0.8601    0.1392    0.0006    0.0000
    0.0640    0.8363    0.0379    0.0618
    0.0021    0.1185    0.7555    0.1239
    0.0397    0.2011    0.3011    0.4582
ans(:,:,35) =
    0.8655    0.1338    0.0007    0.0001
    0.0601    0.8355    0.0473    0.0572
    0.0003    0.1314    0.7630    0.1052
    0.0453    0.2339    0.2735    0.4474
ans(:,:,36) =
    0.8523    0.1476    0.0000    0.0002
    0.0679    0.8227    0.0492    0.0602
    0.0001    0.1210    0.7658    0.1131
    0.0436    0.2108    0.2742    0.4713
ans(:,:,37) =
    0.8554    0.1412    0.0000    0.0034
    0.0770    0.8221    0.0559    0.0450
    0.0006    0.1350    0.7159    0.1485
    0.0294    0.2244    0.2588    0.4874
ans(:,:,38) =
    0.8438    0.1506    0.0000    0.0056
    0.0571    0.8339    0.0641    0.0450
    0.0059    0.1301    0.7093    0.1548
    0.0386    0.2144    0.3195    0.4275
ans(:,:,39) =
    0.8710    0.1194    0.0001    0.0096
    0.0785    0.8319    0.0394    0.0502
    0.0007    0.1199    0.7665    0.1130
    0.0270    0.2213    0.3163    0.4355
ans(:,:,40) =
    0.8831    0.1112    0.0000    0.0056
    0.0680    0.8206    0.0309    0.0805
    0.0000    0.1323    0.7359    0.1318
    0.0206    0.3137    0.2488    0.4169
ans(:,:,41) =
    0.9028    0.0947    0.0001    0.0024
    0.0634    0.8318    0.0451    0.0597
    0.0000    0.1450    0.7477    0.1072
    0.0341    0.2626    0.2337    0.4695
ans(:,:,42) =
    0.8753    0.1178    0.0000    0.0068
    0.0704    0.8228    0.0456    0.0612
    0.0025    0.1100    0.7725    0.1149
    0.0176    0.2833    0.2429    0.4561
ans(:,:,43) =
    0.8694    0.1226    0.0001    0.0079
    0.0676    0.8235    0.0512    0.0577
    0.0046    0.1096    0.7658    0.1199
    0.0521    0.2807    0.2344    0.4329
ans(:,:,44) =
    0.8883    0.1065    0.0000    0.0052
    0.0557    0.8358    0.0499    0.0586
    0.0070    0.1260    0.7460    0.1211
    0.0602    0.2684    0.2622    0.4092
ans(:,:,45) =
    0.8828    0.1129    0.0000    0.0043
    0.0592    0.8325    0.0555    0.0528
    0.0119    0.1480    0.7491    0.0910
    0.0520    0.2991    0.2124    0.4365
ans(:,:,46) =
    0.8729    0.1155    0.0007    0.0108
    0.0634    0.8247    0.0630    0.0489
    0.0023    0.1479    0.7505    0.0993
    0.0652    0.3111    0.2319    0.3918
ans(:,:,47) =
    0.8876    0.1060    0.0000    0.0064
    0.0524    0.8506    0.0575    0.0395
    0.0007    0.1430    0.7765    0.0797
    0.0422    0.2660    0.2196    0.4723
ans(:,:,48) =
    0.8917    0.1017    0.0000    0.0066
    0.0549    0.8400    0.0574    0.0477
    0.0061    0.1410    0.7663    0.0867
    0.0332    0.2769    0.2689    0.4209
ans(:,:,49) =
    0.8575    0.1360    0.0000    0.0065
    0.0602    0.8504    0.0398    0.0496
    0.0050    0.1261    0.7844    0.0845
    0.0525    0.2444    0.2950    0.4082
ans(:,:,50) =
    0.8614    0.1295    0.0000    0.0091
    0.0693    0.8442    0.0363    0.0501
    0.0095    0.0993    0.7779    0.1133
    0.0603    0.2083    0.3411    0.3903
ans(:,:,51) =
    0.8739    0.1197    0.0001    0.0063
    0.0528    0.8597    0.0426    0.0450
    0.0232    0.0765    0.7758    0.1245
    0.0450    0.1960    0.3683    0.3907
ans(:,:,52) =
    0.8532    0.1333    0.0000    0.0135
    0.0553    0.8450    0.0456    0.0541
    0.0144    0.1035    0.7603    0.1219
    0.0296    0.1879    0.3623    0.4202
ans(:,:,53) =
    0.8592    0.1363    0.0000    0.0045
    0.0526    0.8455    0.0526    0.0493
    0.0015    0.0913    0.7900    0.1172
    0.0515    0.1932    0.3275    0.4279
ans(:,:,54) =
    0.8311    0.1658    0.0001    0.0031
    0.0690    0.8486    0.0365    0.0458
    0.0100    0.1017    0.7862    0.1022
    0.0316    0.1808    0.3398    0.4478
ans(:,:,55) =
    0.8521    0.1411    0.0005    0.0063
    0.0575    0.8529    0.0353    0.0544
    0.0044    0.0989    0.8090    0.0877
    0.0568    0.1578    0.3057    0.4797
ans(:,:,56) =
    0.8604    0.1321    0.0030    0.0045
    0.0680    0.8410    0.0376    0.0534
    0.0023    0.1244    0.7452    0.1281
    0.0421    0.1942    0.2958    0.4678
ans(:,:,57) =
    0.8734    0.1200    0.0000    0.0067
    0.0542    0.8557    0.0276    0.0625
    0.0059    0.1022    0.7937    0.0983
    0.0427    0.1993    0.2822    0.4758
ans(:,:,58) =
    0.8335    0.1601    0.0000    0.0065
    0.0694    0.8500    0.0214    0.0592
    0.0112    0.1329    0.7976    0.0583
    0.0242    0.1856    0.3530    0.4372
ans(:,:,59) =
    0.8244    0.1734    0.0009    0.0013
    0.0655    0.8540    0.0213    0.0592
    0.0132    0.1172    0.7756    0.0939
    0.0342    0.1575    0.3143    0.4940
ans(:,:,60) =
    0.8249    0.1706    0.0035    0.0010
    0.0670    0.8432    0.0244    0.0654
    0.0030    0.1068    0.7674    0.1228
    0.0368    0.1765    0.3357    0.4510
ans(:,:,61) =
    0.8416    0.1532    0.0052    0.0000
    0.0693    0.8393    0.0236    0.0678
    0.0093    0.0912    0.7858    0.1136
    0.0405    0.2247    0.2750    0.4599
ans(:,:,62) =
    0.8084    0.1855    0.0061    0.0000
    0.0746    0.8370    0.0234    0.0651
    0.0082    0.0924    0.8059    0.0935
    0.0463    0.1987    0.3015    0.4535
ans(:,:,63) =
    0.8140    0.1833    0.0027    0.0000
    0.0725    0.8326    0.0315    0.0633
    0.0113    0.0916    0.7851    0.1120
    0.0482    0.1957    0.3786    0.3775
ans(:,:,64) =
    0.8201    0.1748    0.0047    0.0005
    0.0838    0.8135    0.0309    0.0718
    0.0037    0.1043    0.7813    0.1108
    0.0479    0.2504    0.2826    0.4190
ans(:,:,65) =
    0.8117    0.1844    0.0035    0.0003
    0.0830    0.8152    0.0275    0.0744
    0.0085    0.1255    0.7849    0.0811
    0.0125    0.2735    0.3053    0.4086
ans(:,:,66) =
    0.8306    0.1689    0.0005    0.0000
    0.0744    0.8321    0.0344    0.0591
    0.0074    0.1130    0.7713    0.1083
    0.0693    0.2223    0.3165    0.3920
ans(:,:,67) =
    0.8415    0.1572    0.0001    0.0012
    0.0801    0.8156    0.0310    0.0732
    0.0006    0.1347    0.7564    0.1083
    0.0358    0.2136    0.3128    0.4378
ans(:,:,68) =
    0.8210    0.1725    0.0041    0.0024
    0.0826    0.8204    0.0336    0.0634
    0.0000    0.1144    0.7711    0.1145
    0.0286    0.2446    0.2854    0.4414
ans(:,:,69) =
    0.8547    0.1436    0.0000    0.0017
    0.0773    0.8176    0.0455    0.0596
    0.0014    0.1095    0.7558    0.1333
    0.0668    0.1953    0.2867    0.4513
ans(:,:,70) =
    0.8074    0.1899    0.0000    0.0027
    0.0663    0.8337    0.0556    0.0445
    0.0079    0.1190    0.7445    0.1285
    0.0444    0.2343    0.3396    0.3817
ans(:,:,71) =
    0.8252    0.1715    0.0000    0.0034
    0.0683    0.8198    0.0612    0.0507
    0.0118    0.1469    0.7394    0.1020
    0.0195    0.2107    0.3404    0.4294
ans(:,:,72) =
    0.8156    0.1819    0.0002    0.0023
    0.0746    0.8214    0.0510    0.0531
    0.0138    0.1285    0.7741    0.0836
    0.0197    0.2345    0.2779    0.4679
ans(:,:,73) =
    0.8142    0.1798    0.0000    0.0060
    0.0770    0.8188    0.0540    0.0502
    0.0120    0.1429    0.7538    0.0914
    0.0336    0.1792    0.3075    0.4797
ans(:,:,74) =
    0.8074    0.1826    0.0005    0.0095
    0.0760    0.8248    0.0581    0.0411
    0.0054    0.1186    0.7864    0.0897
    0.0438    0.2178    0.2526    0.4858
ans(:,:,75) =
    0.8499    0.1364    0.0005    0.0132
    0.0601    0.8409    0.0544    0.0446
    0.0044    0.1145    0.7882    0.0928
    0.0377    0.2583    0.2464    0.4576
ans(:,:,76) =
    0.8109    0.1836    0.0000    0.0054
    0.0685    0.8357    0.0374    0.0584
    0.0024    0.1269    0.7901    0.0806
    0.0373    0.2250    0.2533    0.4844
ans(:,:,77) =
    0.8430    0.1516    0.0000    0.0054
    0.0487    0.8605    0.0359    0.0549
    0.0001    0.1239    0.7824    0.0935
    0.0629    0.2428    0.2837    0.4105
ans(:,:,78) =
    0.8400    0.1555    0.0000    0.0044
    0.0751    0.8337    0.0306    0.0606
    0.0000    0.1020    0.7813    0.1167
    0.0444    0.2587    0.2730    0.4238
ans(:,:,79) =
    0.8412    0.1549    0.0000    0.0039
    0.0692    0.8442    0.0368    0.0497
    0.0011    0.1180    0.7978    0.0830
    0.0291    0.2075    0.2971    0.4662
ans(:,:,80) =
    0.8501    0.1452    0.0000    0.0047
    0.0677    0.8389    0.0423    0.0511
    0.0118    0.1107    0.7931    0.0844
    0.0234    0.2369    0.2766    0.4631
ans(:,:,81) =
    0.8619    0.1339    0.0001    0.0041
    0.0614    0.8312    0.0539    0.0536
    0.0069    0.1408    0.7498    0.1025
    0.0230    0.2499    0.3026    0.4245
ans(:,:,82) =
    0.8603    0.1358    0.0000    0.0039
    0.0585    0.8333    0.0653    0.0428
    0.0072    0.1484    0.7538    0.0906
    0.0405    0.1982    0.3058    0.4555
ans(:,:,83) =
    0.8612    0.1306    0.0016    0.0066
    0.0624    0.8243    0.0705    0.0428
    0.0020    0.1701    0.7372    0.0907
    0.0211    0.1834    0.3245    0.4710
ans(:,:,84) =
    0.8741    0.1157    0.0008    0.0095
    0.0656    0.8216    0.0657    0.0471
    0.0155    0.1460    0.7416    0.0969
    0.0094    0.2066    0.3519    0.4321
ans(:,:,85) =
    0.8616    0.1206    0.0020    0.0158
    0.0794    0.8197    0.0581    0.0428
    0.0138    0.1338    0.7580    0.0944
    0.0146    0.2700    0.2982    0.4171
ans(:,:,86) =
    0.8712    0.1247    0.0001    0.0040
    0.0585    0.8412    0.0574    0.0429
    0.0096    0.1185    0.7724    0.0995
    0.0308    0.2568    0.3109    0.4015
ans(:,:,87) =
    0.8460    0.1516    0.0000    0.0024
    0.0678    0.8332    0.0471    0.0519
    0.0069    0.1338    0.7508    0.1085
    0.0252    0.2049    0.3526    0.4174
ans(:,:,88) =
    0.8435    0.1515    0.0013    0.0037
    0.0700    0.8442    0.0303    0.0555
    0.0014    0.1138    0.7872    0.0976
    0.0178    0.2217    0.3283    0.4322
ans(:,:,89) =
    0.8581    0.1275    0.0025    0.0118
    0.0740    0.8323    0.0426    0.0511
    0.0001    0.1168    0.8004    0.0827
    0.0233    0.2283    0.2730    0.4754
ans(:,:,90) =
    0.8936    0.0987    0.0000    0.0077
    0.0591    0.8287    0.0515    0.0607
    0.0000    0.1423    0.7496    0.1081
    0.0274    0.2199    0.3058    0.4468
ans(:,:,91) =
    0.8832    0.1123    0.0000    0.0045
    0.0714    0.8135    0.0558    0.0593
    0.0020    0.1619    0.7234    0.1127
    0.0184    0.2188    0.3336    0.4292
ans(:,:,92) =
    0.8758    0.1193    0.0002    0.0047
    0.0712    0.8152    0.0453    0.0684
    0.0002    0.1636    0.7542    0.0820
    0.0390    0.2614    0.3019    0.3977
ans(:,:,93) =
    0.8737    0.1192    0.0000    0.0071
    0.0625    0.8051    0.0630    0.0695
    0.0000    0.1824    0.7542    0.0633
    0.0568    0.2457    0.2698    0.4277
ans(:,:,94) =
    0.8950    0.0988    0.0000    0.0062
    0.0597    0.8307    0.0458    0.0638
    0.0000    0.1609    0.7646    0.0745
    0.0574    0.1968    0.3251    0.4207
ans(:,:,95) =
    0.8689    0.1229    0.0000    0.0081
    0.0524    0.8329    0.0541    0.0605
    0.0000    0.1695    0.7206    0.1099
    0.0282    0.2285    0.3690    0.3743
ans(:,:,96) =
    0.8845    0.1121    0.0000    0.0034
    0.0598    0.8311    0.0547    0.0544
    0.0018    0.1604    0.7248    0.1131
    0.0436    0.2574    0.3168    0.3822
ans(:,:,97) =
    0.8911    0.1054    0.0010    0.0025
    0.0567    0.8285    0.0658    0.0490
    0.0000    0.1390    0.7518    0.1092
    0.0329    0.2770    0.2401    0.4499
ans(:,:,98) =
    0.8834    0.1139    0.0025    0.0002
    0.0600    0.8253    0.0588    0.0558
    0.0000    0.1634    0.7398    0.0968
    0.0475    0.2352    0.3232    0.3941
ans(:,:,99) =
    0.8719    0.1252    0.0007    0.0022
    0.0712    0.8271    0.0534    0.0483
    0.0000    0.1450    0.7465    0.1085
    0.0273    0.2280    0.2717    0.4730
ans(:,:,100) =
    0.8567    0.1416    0.0005    0.0013
    0.0631    0.8234    0.0610    0.0525
    0.0000    0.1585    0.7465    0.0949
    0.0485    0.2523    0.2577    0.4414
ans(:,:,101) =
    0.8894    0.1094    0.0011    0.0001
    0.0574    0.8368    0.0572    0.0487
    0.0000    0.1495    0.7523    0.0982
    0.0250    0.2228    0.3407    0.4114
ans(:,:,102) =
    0.8514    0.1486    0.0000    0.0000
    0.0571    0.8457    0.0381    0.0591
    0.0000    0.1519    0.7268    0.1214
    0.0210    0.2621    0.3668    0.3501
ans(:,:,103) =
    0.8545    0.1451    0.0004    0.0000
    0.0593    0.8360    0.0445    0.0601
    0.0000    0.1282    0.7464    0.1254
    0.0203    0.2137    0.3248    0.4412
ans(:,:,104) =
    0.8589    0.1407    0.0001    0.0003
    0.0656    0.8375    0.0388    0.0581
    0.0000    0.1449    0.7752    0.0799
    0.0303    0.2175    0.3411    0.4112
ans(:,:,105) =
    0.8517    0.1483    0.0000    0.0000
    0.0579    0.8412    0.0407    0.0602
    0.0000    0.1287    0.7693    0.1020
    0.0507    0.2016    0.3479    0.3998
ans(:,:,106) =
    0.8477    0.1522    0.0000    0.0001
    0.0585    0.8497    0.0393    0.0525
    0.0000    0.1275    0.7811    0.0914
    0.0245    0.2251    0.3015    0.4488
ans(:,:,107) =
    0.8358    0.1629    0.0013    0.0000
    0.0761    0.8300    0.0485    0.0454
    0.0002    0.1371    0.7880    0.0747
    0.0366    0.2539    0.3001    0.4094
ans(:,:,108) =
    0.8269    0.1731    0.0000    0.0000
    0.0767    0.8234    0.0434    0.0564
    0.0009    0.1383    0.7449    0.1159
    0.0369    0.2505    0.2702    0.4424
ans(:,:,109) =
    0.8403    0.1592    0.0000    0.0004
    0.0780    0.8128    0.0423    0.0669
    0.0000    0.1628    0.7291    0.1082
    0.0244    0.2432    0.2694    0.4630
ans(:,:,110) =
    0.8124    0.1869    0.0003    0.0004
    0.0842    0.8166    0.0454    0.0537
    0.0000    0.1269    0.7469    0.1262
    0.0376    0.2258    0.3457    0.3909
ans(:,:,111) =
    0.8532    0.1468    0.0000    0.0000
    0.0615    0.8383    0.0391    0.0612
    0.0006    0.1390    0.7330    0.1274
    0.0174    0.1980    0.3573    0.4274
ans(:,:,112) =
    0.8435    0.1559    0.0006    0.0000
    0.0651    0.8411    0.0374    0.0565
    0.0000    0.1331    0.7389    0.1279
    0.0140    0.2285    0.2956    0.4619
ans(:,:,113) =
    0.8390    0.1594    0.0006    0.0010
    0.0676    0.8441    0.0306    0.0577
    0.0000    0.1177    0.7515    0.1308
    0.0147    0.2090    0.3770    0.3993
ans(:,:,114) =
    0.8279    0.1714    0.0000    0.0007
    0.0614    0.8598    0.0309    0.0480
    0.0000    0.1108    0.7732    0.1160
    0.0397    0.2078    0.3104    0.4421
ans(:,:,115) =
    0.8140    0.1850    0.0010    0.0000
    0.0712    0.8501    0.0322    0.0465
    0.0000    0.1173    0.7345    0.1481
    0.0444    0.1844    0.2969    0.4744
ans(:,:,116) =
    0.8021    0.1945    0.0034    0.0000
    0.0701    0.8485    0.0320    0.0494
    0.0000    0.0839    0.7731    0.1430
    0.0553    0.1955    0.3581    0.3911
ans(:,:,117) =
    0.8213    0.1761    0.0026    0.0000
    0.0714    0.8409    0.0291    0.0586
    0.0000    0.1109    0.7557    0.1334
    0.0308    0.1905    0.2812    0.4975
ans(:,:,118) =
    0.8210    0.1768    0.0022    0.0000
    0.0768    0.8363    0.0313    0.0556
    0.0000    0.1011    0.7667    0.1322
    0.0367    0.1503    0.3601    0.4530
ans(:,:,119) =
    0.8474    0.1524    0.0001    0.0001
    0.0593    0.8553    0.0320    0.0535
    0.0044    0.1129    0.7631    0.1196
    0.0367    0.1406    0.3561    0.4666
ans(:,:,120) =
    0.8510    0.1484    0.0007    0.0000
    0.0613    0.8391    0.0507    0.0489
    0.0053    0.1301    0.7611    0.1036
    0.0467    0.1778    0.3523    0.4232
ans(:,:,121) =
    0.8675    0.1325    0.0000    0.0000
    0.0394    0.8665    0.0522    0.0419
    0.0001    0.1246    0.7752    0.1001
    0.0479    0.1655    0.3719    0.4147
ans(:,:,122) =
    0.8754    0.1244    0.0001    0.0000
    0.0394    0.8711    0.0497    0.0397
    0.0000    0.1133    0.7925    0.0942
    0.0170    0.1946    0.3366    0.4518
ans(:,:,123) =
    0.8828    0.1167    0.0000    0.0004
    0.0426    0.8502    0.0589    0.0483
    0.0000    0.1182    0.7702    0.1116
    0.0114    0.2233    0.3268    0.4384
ans(:,:,124) =
    0.8743    0.1257    0.0000    0.0000
    0.0425    0.8674    0.0520    0.0381
    0.0009    0.1255    0.7496    0.1239
    0.0273    0.2114    0.3308    0.4304
ans(:,:,125) =
    0.8782    0.1218    0.0000    0.0000
    0.0411    0.8628    0.0467    0.0494
    0.0001    0.1324    0.7763    0.0912
    0.0316    0.1986    0.3244    0.4453
ans(:,:,126) =
    0.8917    0.1078    0.0003    0.0001
    0.0464    0.8464    0.0543    0.0529
    0.0000    0.1348    0.7529    0.1123
    0.0331    0.1706    0.3373    0.4590
ans(:,:,127) =
    0.8918    0.1030    0.0051    0.0002
    0.0449    0.8356    0.0622    0.0573
    0.0000    0.1363    0.7592    0.1045
    0.0323    0.2070    0.3204    0.4403
ans(:,:,128) =
    0.8873    0.1107    0.0020    0.0000
    0.0417    0.8604    0.0454    0.0525
    0.0002    0.1471    0.7559    0.0969
    0.0301    0.1589    0.3627    0.4482
ans(:,:,129) =
    0.8835    0.1165    0.0000    0.0000
    0.0423    0.8565    0.0523    0.0488
    0.0000    0.1484    0.7543    0.0973
    0.0194    0.1952    0.3354    0.4500
ans(:,:,130) =
    0.8765    0.1216    0.0000    0.0019
    0.0363    0.8593    0.0531    0.0512
    0.0001    0.1250    0.7776    0.0973
    0.0510    0.2072    0.3128    0.4291
ans(:,:,131) =
    0.8757    0.1218    0.0003    0.0023
    0.0482    0.8533    0.0503    0.0482
    0.0000    0.1264    0.7858    0.0879
    0.0357    0.2673    0.2108    0.4861
ans(:,:,132) =
    0.8690    0.1249    0.0010    0.0050
    0.0614    0.8296    0.0519    0.0571
    0.0000    0.1448    0.7645    0.0907
    0.0313    0.2144    0.2752    0.4790
ans(:,:,133) =
    0.8764    0.1200    0.0000    0.0036
    0.0541    0.8430    0.0413    0.0615
    0.0000    0.1549    0.7561    0.0891
    0.0530    0.2216    0.2431    0.4823
ans(:,:,134) =
    0.8880    0.1050    0.0007    0.0064
    0.0540    0.8526    0.0472    0.0461
    0.0000    0.1522    0.7505    0.0973
    0.0676    0.2172    0.2740    0.4412
ans(:,:,135) =
    0.8788    0.1106    0.0005    0.0101
    0.0514    0.8465    0.0433    0.0587
    0.0021    0.1149    0.7854    0.0976
    0.0397    0.1981    0.2823    0.4798
ans(:,:,136) =
    0.8857    0.1003    0.0030    0.0110
    0.0496    0.8562    0.0393    0.0549
    0.0000    0.1193    0.7724    0.1083
    0.0789    0.1948    0.2519    0.4745
ans(:,:,137) =
    0.8824    0.1009    0.0135    0.0033
    0.0549    0.8565    0.0395    0.0491
    0.0000    0.1183    0.7616    0.1201
    0.0487    0.1789    0.3224    0.4499
ans(:,:,138) =
    0.8640    0.1232    0.0102    0.0026
    0.0642    0.8376    0.0438    0.0544
    0.0002    0.1287    0.7664    0.1046
    0.0687    0.2232    0.2715    0.4367
ans(:,:,139) =
    0.8498    0.1482    0.0014    0.0006
    0.0826    0.8187    0.0298    0.0688
    0.0000    0.1467    0.7687    0.0846
    0.0627    0.1961    0.2988    0.4424
ans(:,:,140) =
    0.8385    0.1597    0.0018    0.0000
    0.0858    0.8258    0.0422    0.0462
    0.0000    0.1456    0.7710    0.0834
    0.0437    0.2384    0.3286    0.3893
ans(:,:,141) =
    0.8352    0.1590    0.0010    0.0048
    0.0691    0.8237    0.0521    0.0551
    0.0000    0.1553    0.7565    0.0882
    0.0349    0.2199    0.3021    0.4430
ans(:,:,142) =
    0.8604    0.1396    0.0000    0.0000
    0.0590    0.8290    0.0501    0.0619
    0.0000    0.1447    0.7806    0.0747
    0.0440    0.2234    0.2910    0.4416
ans(:,:,143) =
    0.8474    0.1523    0.0001    0.0001
    0.0626    0.8428    0.0415    0.0532
    0.0000    0.1476    0.7955    0.0569
    0.0313    0.1922    0.2779    0.4986
ans(:,:,144) =
    0.8389    0.1611    0.0000    0.0000
    0.0628    0.8380    0.0536    0.0456
    0.0000    0.1701    0.7665    0.0634
    0.0351    0.1900    0.2735    0.5014
ans(:,:,145) =
    0.8506    0.1460    0.0000    0.0034
    0.0581    0.8516    0.0481    0.0422
    0.0001    0.1427    0.7646    0.0926
    0.0300    0.2442    0.3202    0.4055
ans(:,:,146) =
    0.8533    0.1455    0.0000    0.0012
    0.0549    0.8335    0.0726    0.0391
    0.0000    0.1685    0.7094    0.1222
    0.0209    0.2038    0.3587    0.4166
ans(:,:,147) =
    0.8367    0.1632    0.0000    0.0001
    0.0521    0.8396    0.0629    0.0454
    0.0000    0.1649    0.7025    0.1326
    0.0137    0.1668    0.4472    0.3724
ans(:,:,148) =
    0.8534    0.1457    0.0010    0.0000
    0.0605    0.8357    0.0599    0.0439
    0.0000    0.1569    0.7479    0.0951
    0.0092    0.1993    0.4262    0.3654
ans(:,:,149) =
    0.8506    0.1485    0.0002    0.0007
    0.0556    0.8476    0.0615    0.0352
    0.0000    0.1468    0.7314    0.1218
    0.0195    0.1825    0.4261    0.3719
ans(:,:,150) =
    0.8621    0.1336    0.0003    0.0040
    0.0421    0.8485    0.0628    0.0466
    0.0003    0.1490    0.7257    0.1249
    0.0248    0.1247    0.4691    0.3815
ans(:,:,151) =
    0.8901    0.1055    0.0002    0.0042
    0.0418    0.8507    0.0603    0.0473
    0.0008    0.1507    0.7433    0.1052
    0.0146    0.1733    0.3609    0.4512
ans(:,:,152) =
    0.8803    0.1176    0.0000    0.0021
    0.0545    0.8371    0.0594    0.0490
    0.0002    0.1605    0.7529    0.0864
    0.0284    0.2046    0.3441    0.4229
ans(:,:,153) =
    0.8923    0.0975    0.0000    0.0102
    0.0491    0.8473    0.0587    0.0449
    0.0000    0.1420    0.7783    0.0797
    0.0272    0.1948    0.3099    0.4681
ans(:,:,154) =
    0.9003    0.0935    0.0000    0.0061
    0.0435    0.8351    0.0701    0.0513
    0.0000    0.1617    0.7342    0.1041
    0.0381    0.2356    0.3048    0.4215
ans(:,:,155) =
    0.9013    0.0865    0.0004    0.0118
    0.0525    0.8501    0.0578    0.0395
    0.0000    0.1613    0.7449    0.0938
    0.0141    0.2519    0.3323    0.4018
ans(:,:,156) =
    0.8877    0.1053    0.0002    0.0069
    0.0515    0.8325    0.0601    0.0559
    0.0000    0.1793    0.7159    0.1048
    0.0430    0.2463    0.3390    0.3717
ans(:,:,157) =
    0.8833    0.1078    0.0000    0.0089
    0.0561    0.8392    0.0645    0.0402
    0.0002    0.1868    0.7229    0.0902
    0.0383    0.1957    0.3389    0.4272
ans(:,:,158) =
    0.8813    0.1106    0.0000    0.0081
    0.0562    0.8356    0.0587    0.0495
    0.0016    0.1606    0.7529    0.0849
    0.0215    0.2456    0.2676    0.4654
ans(:,:,159) =
    0.8931    0.1007    0.0000    0.0062
    0.0614    0.8188    0.0644    0.0555
    0.0014    0.1498    0.7273    0.1215
    0.0497    0.2611    0.2625    0.4268
ans(:,:,160) =
    0.8899    0.0980    0.0003    0.0117
    0.0678    0.8179    0.0566    0.0577
    0.0000    0.1855    0.7038    0.1107
    0.0312    0.2129    0.3226    0.4333
ans(:,:,161) =
    0.8442    0.1447    0.0000    0.0110
    0.0885    0.8127    0.0483    0.0505
    0.0000    0.1620    0.7257    0.1122
    0.0692    0.1564    0.3485    0.4259
ans(:,:,162) =
    0.8562    0.1347    0.0000    0.0090
    0.0776    0.8224    0.0418    0.0582
    0.0000    0.1284    0.7576    0.1140
    0.0572    0.2184    0.2815    0.4430
ans(:,:,163) =
    0.8409    0.1504    0.0000    0.0087
    0.0806    0.8234    0.0438    0.0523
    0.0055    0.1103    0.7631    0.1211
    0.0379    0.1918    0.3275    0.4428
ans(:,:,164) =
    0.8672    0.1188    0.0000    0.0139
    0.0652    0.8400    0.0476    0.0472
    0.0026    0.1270    0.7502    0.1202
    0.0290    0.2206    0.3543    0.3961
ans(:,:,165) =
    0.8716    0.1194    0.0001    0.0089
    0.0562    0.8475    0.0540    0.0424
    0.0000    0.1304    0.7499    0.1197
    0.0262    0.2924    0.2358    0.4456
ans(:,:,166) =
    0.8702    0.1238    0.0009    0.0051
    0.0554    0.8508    0.0521    0.0418
    0.0004    0.1259    0.7612    0.1125
    0.0510    0.1926    0.3597    0.3966
ans(:,:,167) =
    0.8735    0.1107    0.0048    0.0110
    0.0391    0.8790    0.0463    0.0357
    0.0001    0.1317    0.7519    0.1162
    0.0661    0.1800    0.3757    0.3782
ans(:,:,168) =
    0.8714    0.1220    0.0041    0.0025
    0.0440    0.8620    0.0457    0.0484
    0.0001    0.1298    0.7643    0.1058
    0.0282    0.2069    0.3674    0.3975
ans(:,:,169) =
    0.8723    0.1202    0.0052    0.0023
    0.0573    0.8516    0.0472    0.0439
    0.0035    0.1575    0.7531    0.0859
    0.0256    0.2066    0.3589    0.4090
ans(:,:,170) =
    0.8684    0.1310    0.0004    0.0002
    0.0532    0.8301    0.0663    0.0504
    0.0041    0.1678    0.7310    0.0972
    0.0217    0.2203    0.3359    0.4221
ans(:,:,171) =
    0.8592    0.1401    0.0003    0.0004
    0.0597    0.8254    0.0577    0.0572
    0.0016    0.1424    0.7579    0.0981
    0.0576    0.2280    0.3636    0.3508
ans(:,:,172) =
    0.8712    0.1221    0.0065    0.0002
    0.0454    0.8599    0.0454    0.0494
    0.0001    0.1369    0.7565    0.1065
    0.0378    0.1987    0.3545    0.4090
ans(:,:,173) =
    0.8587    0.1336    0.0078    0.0000
    0.0607    0.8362    0.0481    0.0550
    0.0000    0.1535    0.7316    0.1148
    0.0428    0.1967    0.3237    0.4368
ans(:,:,174) =
    0.8600    0.1394    0.0006    0.0001
    0.0554    0.8241    0.0598    0.0608
    0.0000    0.1472    0.7504    0.1024
    0.0455    0.2313    0.2849    0.4383
ans(:,:,175) =
    0.8550    0.1442    0.0007    0.0001
    0.0589    0.8338    0.0476    0.0598
    0.0000    0.1325    0.7746    0.0928
    0.0300    0.2022    0.3904    0.3774
ans(:,:,176) =
    0.8759    0.1189    0.0047    0.0005
    0.0526    0.8468    0.0498    0.0508
    0.0010    0.1441    0.7546    0.1003
    0.0411    0.1914    0.3523    0.4153
ans(:,:,177) =
    0.8801    0.1178    0.0021    0.0001
    0.0540    0.8305    0.0568    0.0587
    0.0000    0.1672    0.7507    0.0820
    0.0615    0.2449    0.2789    0.4147
ans(:,:,178) =
    0.8922    0.1074    0.0000    0.0004
    0.0589    0.8126    0.0608    0.0676
    0.0011    0.1689    0.7437    0.0864
    0.0393    0.2388    0.2172    0.5048
ans(:,:,179) =
    0.8761    0.1238    0.0001    0.0001
    0.0667    0.8158    0.0589    0.0586
    0.0000    0.2016    0.7112    0.0872
    0.0226    0.2781    0.2529    0.4464
ans(:,:,180) =
    0.8743    0.1253    0.0000    0.0004
    0.0643    0.8192    0.0567    0.0598
    0.0000    0.1810    0.7400    0.0790
    0.0244    0.2199    0.3057    0.4500
ans(:,:,181) =
    0.8642    0.1358    0.0000    0.0000
    0.0633    0.8235    0.0553    0.0579
    0.0007    0.2078    0.7266    0.0649
    0.0404    0.2245    0.2655    0.4696
ans(:,:,182) =
    0.8810    0.1185    0.0000    0.0004
    0.0500    0.8436    0.0500    0.0564
    0.0000    0.1849    0.7304    0.0847
    0.0451    0.1846    0.3007    0.4695
ans(:,:,183) =
    0.8681    0.1298    0.0002    0.0020
    0.0533    0.8297    0.0552    0.0618
    0.0002    0.1693    0.7436    0.0869
    0.0423    0.2512    0.2525    0.4539
ans(:,:,184) =
    0.8891    0.1109    0.0000    0.0000
    0.0447    0.8481    0.0655    0.0417
    0.0007    0.1486    0.7380    0.1127
    0.0420    0.2003    0.3735    0.3842
ans(:,:,185) =
    0.8802    0.1136    0.0057    0.0006
    0.0615    0.8428    0.0523    0.0434
    0.0014    0.1440    0.7312    0.1233
    0.0487    0.1557    0.4264    0.3692
ans(:,:,186) =
    0.8805    0.1181    0.0010    0.0004
    0.0479    0.8474    0.0545    0.0501
    0.0000    0.1406    0.7329    0.1266
    0.0501    0.1875    0.4298    0.3326
ans(:,:,187) =
    0.8611    0.1356    0.0000    0.0033
    0.0564    0.8505    0.0423    0.0508
    0.0000    0.1310    0.7489    0.1201
    0.0354    0.1803    0.3826    0.4016
ans(:,:,188) =
    0.8716    0.1276    0.0000    0.0008
    0.0523    0.8510    0.0521    0.0446
    0.0006    0.1158    0.7553    0.1283
    0.0490    0.1605    0.3595    0.4310
ans(:,:,189) =
    0.8920    0.1069    0.0000    0.0011
    0.0448    0.8599    0.0381    0.0573
    0.0013    0.1045    0.7544    0.1397
    0.0156    0.2148    0.3597    0.4098
ans(:,:,190) =
    0.8622    0.1364    0.0000    0.0014
    0.0566    0.8419    0.0459    0.0556
    0.0001    0.1210    0.7614    0.1176
    0.0442    0.1926    0.3186    0.4445
ans(:,:,191) =
    0.8484    0.1516    0.0000    0.0000
    0.0677    0.8322    0.0488    0.0513
    0.0000    0.1274    0.7424    0.1302
    0.0455    0.1346    0.4743    0.3456
ans(:,:,192) =
    0.8196    0.1794    0.0010    0.0000
    0.0700    0.8325    0.0523    0.0452
    0.0004    0.1279    0.7271    0.1446
    0.0424    0.1879    0.4097    0.3600
ans(:,:,193) =
    0.8294    0.1702    0.0004    0.0000
    0.0758    0.8418    0.0333    0.0491
    0.0000    0.1315    0.7391    0.1294
    0.0367    0.1083    0.4206    0.4344
ans(:,:,194) =
    0.8391    0.1588    0.0020    0.0000
    0.0704    0.8296    0.0375    0.0625
    0.0017    0.1285    0.7223    0.1475
    0.0642    0.1031    0.4391    0.3936
ans(:,:,195) =
    0.8476    0.1506    0.0013    0.0005
    0.0714    0.8326    0.0310    0.0650
    0.0000    0.1328    0.7494    0.1177
    0.0532    0.0948    0.4001    0.4518
ans(:,:,196) =
    0.8322    0.1628    0.0039    0.0011
    0.0717    0.8330    0.0367    0.0587
    0.0000    0.1352    0.7473    0.1175
    0.0490    0.1153    0.3663    0.4694
ans(:,:,197) =
    0.8040    0.1906    0.0040    0.0014
    0.0763    0.8302    0.0362    0.0574
    0.0000    0.1356    0.7624    0.1020
    0.0641    0.1029    0.3772    0.4558
ans(:,:,198) =
    0.8124    0.1856    0.0001    0.0018
    0.0881    0.8168    0.0462    0.0489
    0.0000    0.1448    0.7516    0.1035
    0.0453    0.1170    0.3945    0.4432
ans(:,:,199) =
    0.8092    0.1886    0.0008    0.0014
    0.0880    0.8205    0.0404    0.0511
    0.0000    0.1357    0.7482    0.1161
    0.0545    0.1588    0.3767    0.4100
ans(:,:,200) =
    0.8128    0.1842    0.0000    0.0030
    0.0812    0.8282    0.0421    0.0486
    0.0000    0.1042    0.7870    0.1088
    0.0715    0.1000    0.3814    0.4471
ans(:,:,201) =
    0.8307    0.1622    0.0000    0.0071
    0.0786    0.8351    0.0409    0.0454
    0.0000    0.1107    0.7544    0.1349
    0.0366    0.1215    0.4397    0.4023
ans(:,:,202) =
    0.8440    0.1532    0.0001    0.0027
    0.0717    0.8393    0.0482    0.0408
    0.0006    0.1276    0.7214    0.1504
    0.0510    0.1674    0.4305    0.3511
ans(:,:,203) =
    0.8537    0.1425    0.0004    0.0034
    0.0549    0.8389    0.0574    0.0487
    0.0016    0.1342    0.7202    0.1439
    0.0467    0.1725    0.3226    0.4582
ans(:,:,204) =
    0.8492    0.1454    0.0013    0.0041
    0.0544    0.8609    0.0436    0.0412
    0.0000    0.1171    0.7543    0.1286
    0.0396    0.1951    0.3252    0.4401
ans(:,:,205) =
    0.8467    0.1343    0.0025    0.0164
    0.0702    0.8419    0.0448    0.0431
    0.0000    0.1093    0.7512    0.1395
    0.0331    0.2007    0.3265    0.4398
ans(:,:,206) =
    0.8460    0.1396    0.0021    0.0122
    0.0590    0.8572    0.0334    0.0503
    0.0004    0.1028    0.7820    0.1148
    0.0295    0.2286    0.2676    0.4743
ans(:,:,207) =
    0.8545    0.1334    0.0035    0.0086
    0.0555    0.8567    0.0345    0.0533
    0.0000    0.1137    0.7803    0.1060
    0.0304    0.2562    0.2630    0.4504
ans(:,:,208) =
    0.8572    0.1421    0.0000    0.0007
    0.0710    0.8306    0.0433    0.0552
    0.0000    0.1050    0.7729    0.1221
    0.0148    0.3110    0.2496    0.4246
ans(:,:,209) =
    0.8466    0.1519    0.0001    0.0013
    0.0485    0.8567    0.0434    0.0514
    0.0000    0.1296    0.7555    0.1149
    0.0254    0.2637    0.3259    0.3849
ans(:,:,210) =
    0.8620    0.1370    0.0010    0.0000
    0.0593    0.8413    0.0446    0.0548
    0.0000    0.1451    0.7677    0.0871
    0.0312    0.1964    0.3257    0.4466
ans(:,:,211) =
    0.8568    0.1432    0.0000    0.0000
    0.0587    0.8526    0.0421    0.0466
    0.0000    0.1288    0.7724    0.0988
    0.0303    0.2086    0.3801    0.3810
ans(:,:,212) =
    0.8697    0.1282    0.0000    0.0020
    0.0530    0.8488    0.0482    0.0501
    0.0008    0.1214    0.7407    0.1370
    0.0121    0.2113    0.3497    0.4269
ans(:,:,213) =
    0.8762    0.1238    0.0000    0.0000
    0.0378    0.8702    0.0364    0.0557
    0.0021    0.1173    0.7628    0.1178
    0.0154    0.1880    0.3088    0.4878
ans(:,:,214) =
    0.8810    0.1190    0.0000    0.0000
    0.0462    0.8665    0.0328    0.0545
    0.0038    0.1180    0.7334    0.1448
    0.0116    0.1878    0.3666    0.4340
ans(:,:,215) =
    0.8547    0.1449    0.0000    0.0004
    0.0601    0.8592    0.0297    0.0510
    0.0147    0.1003    0.7584    0.1267
    0.0209    0.1599    0.4041    0.4151
ans(:,:,216) =
    0.8539    0.1456    0.0002    0.0003
    0.0590    0.8603    0.0329    0.0479
    0.0102    0.1360    0.7536    0.1002
    0.0317    0.1656    0.3427    0.4601
ans(:,:,217) =
    0.8195    0.1792    0.0013    0.0000
    0.0622    0.8538    0.0394    0.0446
    0.0191    0.1036    0.7491    0.1282
    0.0235    0.1351    0.3842    0.4572
ans(:,:,218) =
    0.8485    0.1501    0.0002    0.0012
    0.0626    0.8449    0.0440    0.0486
    0.0080    0.1150    0.7678    0.1092
