tm(:,:,1) =
    0.9159    0.0511    0.0330
    0.0280    0.7364    0.2356
    0.0165    0.2070    0.7765
tm(:,:,2) =
    0.9030    0.0705    0.0264
    0.0336    0.7048    0.2616
    0.0170    0.2357    0.7473
tm(:,:,3) =
    0.8920    0.0777    0.0303
    0.0463    0.6729    0.2809
    0.0155    0.2672    0.7173
tm(:,:,4) =
    0.8773    0.0854    0.0373
    0.0431    0.6788    0.2781
    0.0141    0.2433    0.7425
tm(:,:,5) =
    0.9115    0.0677    0.0209
    0.0379    0.6613    0.3008
    0.0180    0.2787    0.7033
tm(:,:,6) =
    0.8835    0.0805    0.0360
    0.0405    0.6493    0.3102
    0.0189    0.2762    0.7049
tm(:,:,7) =
    0.8782    0.0923    0.0295
    0.0454    0.6636    0.2910
    0.0164    0.2758    0.7078
tm(:,:,8) =
    0.8856    0.0813    0.0331
    0.0462    0.6973    0.2565
    0.0085    0.2640    0.7275
tm(:,:,9) =
    0.8757    0.0853    0.0390
    0.0442    0.6818    0.2740
    0.0119    0.2475    0.7405
tm(:,:,10) =
    0.8969    0.0771    0.0260
    0.0488    0.6868    0.2644
    0.0106    0.2377    0.7517
tm(:,:,11) =
    0.8982    0.0659    0.0359
    0.0403    0.7087    0.2509
    0.0125    0.2415    0.7460
tm(:,:,12) =
    0.9000    0.0738    0.0262
    0.0352    0.6952    0.2697
    0.0132    0.2724    0.7145
tm(:,:,13) =
    0.9048    0.0717    0.0235
    0.0442    0.6668    0.2890
    0.0112    0.2681    0.7207
tm(:,:,14) =
    0.8916    0.0880    0.0204
    0.0463    0.6514    0.3023
    0.0101    0.2737    0.7162
tm(:,:,15) =
    0.8954    0.0824    0.0222
    0.0411    0.6691    0.2897
    0.0103    0.2606    0.7292
tm(:,:,16) =
    0.8906    0.0590    0.0503
    0.0449    0.6764    0.2787
    0.0111    0.2503    0.7385
tm(:,:,17) =
    0.8958    0.0632    0.0410
    0.0426    0.6693    0.2881
    0.0184    0.2657    0.7159
tm(:,:,18) =
    0.8791    0.0911    0.0298
    0.0516    0.6497    0.2987
    0.0189    0.2622    0.7189
tm(:,:,19) =
    0.8795    0.0848    0.0357
    0.0418    0.6605    0.2977
    0.0211    0.2949    0.6839
tm(:,:,20) =
    0.8879    0.0825    0.0295
    0.0373    0.6800    0.2827
    0.0132    0.2765    0.7103
tm(:,:,21) =
    0.8897    0.0670    0.0433
    0.0487    0.6756    0.2756
    0.0150    0.2475    0.7374
tm(:,:,22) =
    0.8752    0.0846    0.0403
    0.0582    0.6609    0.2809
    0.0149    0.2619    0.7232
tm(:,:,23) =
    0.8878    0.0598    0.0524
    0.0430    0.6752    0.2818
    0.0149    0.2729    0.7122
tm(:,:,24) =
    0.9014    0.0588    0.0398
    0.0431    0.7070    0.2499
    0.0192    0.2710    0.7099
tm(:,:,25) =
    0.8970    0.0675    0.0355
    0.0374    0.6971    0.2655
    0.0146    0.2653    0.7200
tm(:,:,26) =
    0.8899    0.0532    0.0569
    0.0378    0.7153    0.2469
    0.0158    0.2459    0.7383
tm(:,:,27) =
    0.8813    0.0771    0.0416
    0.0423    0.6892    0.2685
    0.0180    0.2661    0.7159
tm(:,:,28) =
    0.8830    0.0650    0.0521
    0.0397    0.7090    0.2513
    0.0176    0.2800    0.7024
tm(:,:,29) =
    0.8818    0.0729    0.0453
    0.0294    0.6891    0.2814
    0.0173    0.2507    0.7320
tm(:,:,30) =
    0.9078    0.0582    0.0340
    0.0328    0.7147    0.2525
    0.0154    0.2361    0.7485
tm(:,:,31) =
    0.8913    0.0523    0.0564
    0.0487    0.6714    0.2799
    0.0247    0.2511    0.7242
tm(:,:,32) =
    0.9007    0.0534    0.0459
    0.0386    0.6897    0.2716
    0.0234    0.2318    0.7448
tm(:,:,33) =
    0.8978    0.0614    0.0408
    0.0350    0.7233    0.2417
    0.0332    0.2417    0.7251
tm(:,:,34) =
    0.8859    0.0704    0.0437
    0.0293    0.6966    0.2741
    0.0315    0.2410    0.7275
tm(:,:,35) =
    0.8810    0.0864    0.0326
    0.0465    0.6913    0.2622
    0.0252    0.2566    0.7182
tm(:,:,36) =
    0.8852    0.0742    0.0406
    0.0351    0.6803    0.2846
    0.0269    0.2672    0.7058
tm(:,:,37) =
    0.8679    0.0647    0.0674
    0.0405    0.7127    0.2469
    0.0355    0.2333    0.7312
tm(:,:,38) =
    0.8798    0.0809    0.0393
    0.0348    0.6971    0.2681
    0.0323    0.2254    0.7423
tm(:,:,39) =
    0.8828    0.0909    0.0263
    0.0359    0.6762    0.2880
    0.0294    0.2622    0.7085
tm(:,:,40) =
    0.8842    0.0956    0.0203
    0.0417    0.6505    0.3078
    0.0255    0.3017    0.6727
tm(:,:,41) =
    0.8752    0.0900    0.0349
    0.0445    0.6492    0.3063
    0.0190    0.2778    0.7032
tm(:,:,42) =
    0.8955    0.0665    0.0380
    0.0430    0.6946    0.2625
    0.0233    0.2611    0.7156
tm(:,:,43) =
    0.9028    0.0567    0.0404
    0.0413    0.6872    0.2716
    0.0170    0.2797    0.7033
tm(:,:,44) =
    0.8895    0.0729    0.0376
    0.0426    0.6587    0.2985
    0.0156    0.2844    0.7000
tm(:,:,45) =
    0.8765    0.0920    0.0315
    0.0515    0.6454    0.3032
    0.0087    0.2935    0.6977
tm(:,:,46) =
    0.8512    0.1115    0.0373
    0.0733    0.6303    0.2964
    0.0066    0.2619    0.7314
tm(:,:,47) =
    0.8507    0.1208    0.0285
    0.0683    0.6401    0.2916
    0.0077    0.2862    0.7061
tm(:,:,48) =
    0.8535    0.1105    0.0360
    0.0646    0.6639    0.2715
    0.0073    0.2825    0.7102
tm(:,:,49) =
    0.8692    0.0880    0.0428
    0.0770    0.6389    0.2841
    0.0097    0.2942    0.6961
tm(:,:,50) =
    0.8711    0.0964    0.0326
    0.0686    0.6424    0.2890
    0.0099    0.2961    0.6940
tm(:,:,51) =
    0.8642    0.0967    0.0390
    0.0643    0.6337    0.3019
    0.0077    0.3007    0.6916
tm(:,:,52) =
    0.8723    0.0876    0.0400
    0.0555    0.6326    0.3119
    0.0142    0.2999    0.6858
tm(:,:,53) =
    0.8709    0.0905    0.0386
    0.0520    0.6606    0.2874
    0.0163    0.2740    0.7096
tm(:,:,54) =
    0.8859    0.0831    0.0310
    0.0484    0.6831    0.2685
    0.0209    0.2747    0.7043
tm(:,:,55) =
    0.8732    0.1008    0.0260
    0.0452    0.6915    0.2633
    0.0226    0.2499    0.7276
tm(:,:,56) =
    0.8765    0.0949    0.0286
    0.0370    0.6912    0.2719
    0.0182    0.2541    0.7277
tm(:,:,57) =
    0.8706    0.1171    0.0123
    0.0453    0.6632    0.2914
    0.0214    0.2738    0.7048
tm(:,:,58) =
    0.8885    0.0907    0.0208
    0.0500    0.6621    0.2878
    0.0181    0.2575    0.7244
tm(:,:,59) =
    0.9035    0.0808    0.0157
    0.0345    0.6566    0.3088
    0.0161    0.2585    0.7254
tm(:,:,60) =
    0.8975    0.0868    0.0158
    0.0433    0.6679    0.2887
    0.0172    0.2984    0.6844
tm(:,:,61) =
    0.8830    0.0822    0.0348
    0.0405    0.7118    0.2478
    0.0136    0.2285    0.7580
tm(:,:,62) =
    0.8822    0.0895    0.0283
    0.0327    0.6957    0.2717
    0.0197    0.2477    0.7326
tm(:,:,63) =
    0.8751    0.0814    0.0435
    0.0501    0.6901    0.2598
    0.0172    0.2486    0.7342
tm(:,:,64) =
    0.8689    0.1079    0.0232
    0.0503    0.6537    0.2960
    0.0241    0.2579    0.7181
tm(:,:,65) =
    0.8687    0.1005    0.0308
    0.0508    0.6646    0.2845
    0.0203    0.2687    0.7109
tm(:,:,66) =
    0.8778    0.1009    0.0213
    0.0520    0.6739    0.2741
    0.0222    0.2710    0.7068
tm(:,:,67) =
    0.8910    0.0772    0.0318
    0.0388    0.7152    0.2460
    0.0180    0.2498    0.7321
tm(:,:,68) =
    0.8917    0.0878    0.0204
    0.0529    0.6950    0.2520
    0.0199    0.2493    0.7308
tm(:,:,69) =
    0.8691    0.1137    0.0172
    0.0470    0.6874    0.2656
    0.0170    0.2271    0.7559
tm(:,:,70) =
    0.8980    0.0723    0.0298
    0.0383    0.7263    0.2354
    0.0143    0.2432    0.7426
tm(:,:,71) =
    0.8936    0.0809    0.0255
    0.0411    0.7123    0.2466
    0.0180    0.2171    0.7649
tm(:,:,72) =
    0.8878    0.0934    0.0188
    0.0402    0.6996    0.2602
    0.0190    0.2194    0.7616
tm(:,:,73) =
    0.8789    0.1052    0.0158
    0.0502    0.6716    0.2782
    0.0089    0.2504    0.7407
tm(:,:,74) =
    0.8771    0.0907    0.0322
    0.0513    0.6721    0.2766
    0.0124    0.2632    0.7244
tm(:,:,75) =
    0.8690    0.1030    0.0279
    0.0494    0.6898    0.2607
    0.0136    0.2510    0.7354
tm(:,:,76) =
    0.8733    0.1051    0.0217
    0.0436    0.6725    0.2839
    0.0186    0.2518    0.7296
tm(:,:,77) =
    0.8766    0.0971    0.0263
    0.0498    0.6727    0.2775
    0.0175    0.2499    0.7326
tm(:,:,78) =
    0.8696    0.1141    0.0163
    0.0532    0.6769    0.2699
    0.0257    0.2503    0.7239
tm(:,:,79) =
    0.8828    0.0910    0.0262
    0.0398    0.6782    0.2820
    0.0239    0.2716    0.7046
tm(:,:,80) =
    0.8714    0.0999    0.0286
    0.0550    0.6788    0.2662
    0.0202    0.2465    0.7333
tm(:,:,81) =
    0.8837    0.0679    0.0484
    0.0502    0.6660    0.2838
    0.0187    0.2619    0.7194
tm(:,:,82) =
    0.8630    0.0956    0.0414
    0.0553    0.6941    0.2506
    0.0162    0.2577    0.7261
tm(:,:,83) =
    0.8928    0.0761    0.0311
    0.0488    0.6949    0.2563
    0.0103    0.2455    0.7442
tm(:,:,84) =
    0.8893    0.0737    0.0370
    0.0536    0.6801    0.2664
    0.0154    0.2640    0.7205
tm(:,:,85) =
    0.8721    0.1019    0.0259
    0.0470    0.7014    0.2516
    0.0148    0.2479    0.7373
tm(:,:,86) =
    0.8922    0.0813    0.0266
    0.0453    0.6919    0.2627
    0.0188    0.2814    0.6997
tm(:,:,87) =
    0.9054    0.0678    0.0267
    0.0427    0.7012    0.2561
    0.0095    0.2678    0.7227
tm(:,:,88) =
    0.8955    0.0830    0.0215
    0.0480    0.6910    0.2610
    0.0139    0.2845    0.7016
tm(:,:,89) =
    0.8987    0.0812    0.0200
    0.0407    0.6800    0.2793
    0.0170    0.2755    0.7074
tm(:,:,90) =
    0.8935    0.0693    0.0373
    0.0344    0.6874    0.2783
    0.0196    0.2693    0.7112
tm(:,:,91) =
    0.8966    0.0729    0.0305
    0.0416    0.6798    0.2786
    0.0152    0.2774    0.7074
tm(:,:,92) =
    0.8816    0.0836    0.0348
    0.0464    0.6661    0.2875
    0.0170    0.2861    0.6969
tm(:,:,93) =
    0.8866    0.0918    0.0216
    0.0392    0.6895    0.2713
    0.0148    0.2455    0.7396
tm(:,:,94) =
    0.8917    0.0890    0.0193
    0.0414    0.7055    0.2531
    0.0127    0.2292    0.7581
tm(:,:,95) =
    0.9007    0.0792    0.0201
    0.0360    0.6824    0.2816
    0.0176    0.2793    0.7031
tm(:,:,96) =
    0.8745    0.0865    0.0390
    0.0386    0.6934    0.2680
    0.0178    0.2757    0.7065
tm(:,:,97) =
    0.8885    0.0873    0.0242
    0.0510    0.6595    0.2895
    0.0155    0.2938    0.6908
tm(:,:,98) =
    0.8893    0.0901    0.0206
    0.0373    0.7038    0.2589
    0.0176    0.2456    0.7368
tm(:,:,99) =
    0.8672    0.1138    0.0190
    0.0493    0.6908    0.2599
    0.0123    0.2781    0.7096
tm(:,:,100) =
    0.8647    0.1150    0.0203
    0.0436    0.6754    0.2810
    0.0206    0.2663    0.7131
tm(:,:,101) =
    0.8773    0.0898    0.0329
    0.0460    0.6433    0.3107
    0.0201    0.2667    0.7132
tm(:,:,102) =
    0.8908    0.0861    0.0231
    0.0471    0.6530    0.2998
    0.0128    0.2932    0.6940
tm(:,:,103) =
    0.8926    0.0695    0.0379
    0.0416    0.6607    0.2977
    0.0156    0.2979    0.6865
tm(:,:,104) =
    0.8738    0.0813    0.0449
    0.0491    0.6918    0.2591
    0.0202    0.2790    0.7009
tm(:,:,105) =
    0.8868    0.0835    0.0298
    0.0392    0.7026    0.2581
    0.0215    0.2565    0.7220
tm(:,:,106) =
    0.9038    0.0679    0.0284
    0.0411    0.6887    0.2702
    0.0166    0.2659    0.7175
tm(:,:,107) =
    0.8743    0.0835    0.0422
    0.0443    0.6691    0.2866
    0.0264    0.2627    0.7109
tm(:,:,108) =
    0.8978    0.0668    0.0355
    0.0536    0.7017    0.2447
    0.0148    0.2484    0.7368
tm(:,:,109) =
    0.9033    0.0681    0.0286
    0.0390    0.6885    0.2725
    0.0191    0.2389    0.7420
tm(:,:,110) =
    0.8875    0.0737    0.0389
    0.0377    0.7139    0.2483
    0.0197    0.2421    0.7383
tm(:,:,111) =
    0.9038    0.0528    0.0434
    0.0490    0.6738    0.2771
    0.0140    0.2404    0.7456
tm(:,:,112) =
    0.8920    0.0717    0.0363
    0.0392    0.6666    0.2942
    0.0075    0.2808    0.7116
tm(:,:,113) =
    0.8941    0.0764    0.0296
    0.0296    0.7045    0.2659
    0.0168    0.2320    0.7512
tm(:,:,114) =
    0.8849    0.0790    0.0360
    0.0439    0.7090    0.2471
    0.0099    0.2534    0.7367
tm(:,:,115) =
    0.8946    0.0674    0.0380
    0.0328    0.7181    0.2491
    0.0170    0.2393    0.7437
tm(:,:,116) =
    0.8910    0.0789    0.0301
    0.0322    0.7132    0.2546
    0.0155    0.2592    0.7252
tm(:,:,117) =
    0.8875    0.0848    0.0277
    0.0460    0.6827    0.2713
    0.0169    0.2492    0.7339
tm(:,:,118) =
    0.8853    0.0872    0.0275
    0.0429    0.6846    0.2725
    0.0198    0.2552    0.7250
tm(:,:,119) =
    0.8775    0.0914    0.0311
    0.0425    0.6966    0.2609
    0.0176    0.2303    0.7521
tm(:,:,120) =
    0.8753    0.0928    0.0319
    0.0576    0.6578    0.2845
    0.0177    0.2664    0.7159
tm(:,:,121) =
    0.8758    0.0911    0.0331
    0.0572    0.6830    0.2598
    0.0167    0.2536    0.7297
tm(:,:,122) =
    0.8454    0.1158    0.0388
    0.0563    0.6731    0.2706
    0.0124    0.2621    0.7256
tm(:,:,123) =
    0.8854    0.0812    0.0334
    0.0474    0.6585    0.2941
    0.0148    0.2930    0.6922
tm(:,:,124) =
    0.9001    0.0806    0.0193
    0.0536    0.6430    0.3033
    0.0096    0.2802    0.7101
tm(:,:,125) =
    0.8936    0.0922    0.0141
    0.0512    0.6805    0.2684
    0.0126    0.2424    0.7450
tm(:,:,126) =
    0.8863    0.0981    0.0156
    0.0494    0.6438    0.3068
    0.0120    0.2705    0.7175
tm(:,:,127) =
    0.8649    0.1225    0.0126
    0.0524    0.6482    0.2994
    0.0110    0.2655    0.7235
tm(:,:,128) =
    0.8852    0.0868    0.0281
    0.0533    0.6477    0.2991
    0.0125    0.2815    0.7060
tm(:,:,129) =
    0.9026    0.0684    0.0290
    0.0538    0.6477    0.2984
    0.0109    0.2634    0.7257
tm(:,:,130) =
    0.8649    0.1019    0.0332
    0.0489    0.6818    0.2693
    0.0107    0.2628    0.7265
tm(:,:,131) =
    0.8726    0.1040    0.0234
    0.0532    0.6750    0.2718
    0.0125    0.2730    0.7145
tm(:,:,132) =
    0.8677    0.1085    0.0238
    0.0637    0.6528    0.2834
    0.0129    0.2780    0.7091
tm(:,:,133) =
    0.8791    0.0838    0.0371
    0.0518    0.6840    0.2642
    0.0107    0.2688    0.7205
tm(:,:,134) =
    0.8919    0.0857    0.0224
    0.0524    0.6649    0.2827
    0.0044    0.2767    0.7189
tm(:,:,135) =
    0.9053    0.0632    0.0314
    0.0476    0.6793    0.2731
    0.0078    0.2707    0.7214
tm(:,:,136) =
    0.8652    0.0874    0.0475
    0.0686    0.6611    0.2703
    0.0122    0.2745    0.7133
tm(:,:,137) =
    0.8796    0.0877    0.0327
    0.0477    0.6587    0.2936
    0.0143    0.2815    0.7042
tm(:,:,138) =
    0.8650    0.1025    0.0325
    0.0472    0.6732    0.2796
    0.0135    0.2882    0.6983
tm(:,:,139) =
    0.8817    0.0849    0.0334
    0.0633    0.6700    0.2667
    0.0134    0.2894    0.6972
tm(:,:,140) =
    0.8773    0.0865    0.0362
    0.0592    0.6544    0.2864
    0.0149    0.2928    0.6923
tm(:,:,141) =
    0.8785    0.0840    0.0376
    0.0618    0.6594    0.2789
    0.0110    0.3036    0.6854
tm(:,:,142) =
    0.8844    0.0999    0.0157
    0.0608    0.6472    0.2920
    0.0108    0.2680    0.7212
tm(:,:,143) =
    0.8798    0.1004    0.0198
    0.0531    0.6733    0.2736
    0.0162    0.2730    0.7108
tm(:,:,144) =
    0.8925    0.0819    0.0257
    0.0427    0.6984    0.2589
    0.0106    0.2515    0.7379
tm(:,:,145) =
    0.8862    0.0750    0.0389
    0.0617    0.7084    0.2299
    0.0108    0.2676    0.7216
tm(:,:,146) =
    0.9046    0.0564    0.0390
    0.0581    0.6818    0.2601
    0.0222    0.2868    0.6910
tm(:,:,147) =
    0.8846    0.0758    0.0395
    0.0487    0.6697    0.2816
    0.0224    0.3004    0.6773
tm(:,:,148) =
    0.8733    0.0829    0.0438
    0.0436    0.6660    0.2903
    0.0365    0.2888    0.6747
tm(:,:,149) =
    0.8854    0.0771    0.0375
    0.0569    0.6879    0.2552
    0.0234    0.2636    0.7130
tm(:,:,150) =
    0.8847    0.0689    0.0465
    0.0487    0.7034    0.2479
    0.0258    0.2535    0.7207
tm(:,:,151) =
    0.8807    0.0721    0.0472
    0.0472    0.6873    0.2655
    0.0155    0.2877    0.6969
tm(:,:,152) =
    0.8893    0.0897    0.0210
    0.0432    0.6850    0.2718
    0.0187    0.2516    0.7297
tm(:,:,153) =
    0.8894    0.0844    0.0262
    0.0448    0.6901    0.2652
    0.0228    0.2520    0.7252
tm(:,:,154) =
    0.8895    0.0840    0.0265
    0.0471    0.6636    0.2892
    0.0188    0.2825    0.6987
tm(:,:,155) =
    0.8846    0.0966    0.0188
    0.0478    0.6553    0.2969
    0.0162    0.2820    0.7018
tm(:,:,156) =
    0.8675    0.1151    0.0173
    0.0471    0.6717    0.2812
    0.0218    0.2738    0.7045
tm(:,:,157) =
    0.8928    0.0842    0.0230
    0.0358    0.6525    0.3117
    0.0156    0.2826    0.7018
tm(:,:,158) =
    0.8863    0.0925    0.0212
    0.0324    0.6827    0.2849
    0.0203    0.2690    0.7107
tm(:,:,159) =
    0.8848    0.0897    0.0255
    0.0372    0.6783    0.2845
    0.0201    0.2573    0.7227
tm(:,:,160) =
    0.8867    0.0872    0.0262
    0.0431    0.6821    0.2749
    0.0168    0.2679    0.7153
tm(:,:,161) =
    0.8643    0.1079    0.0278
    0.0497    0.6690    0.2813
    0.0212    0.2739    0.7049
tm(:,:,162) =
    0.8846    0.0913    0.0242
    0.0379    0.6589    0.3032
    0.0192    0.2689    0.7120
tm(:,:,163) =
    0.8873    0.0844    0.0282
    0.0403    0.6986    0.2611
    0.0305    0.2297    0.7397
tm(:,:,164) =
    0.8987    0.0696    0.0317
    0.0391    0.7216    0.2393
    0.0323    0.2354    0.7323
tm(:,:,165) =
    0.8940    0.0669    0.0392
    0.0388    0.6827    0.2785
    0.0298    0.2684    0.7018
tm(:,:,166) =
    0.8908    0.0671    0.0422
    0.0319    0.6787    0.2894
    0.0228    0.2947    0.6825
tm(:,:,167) =
    0.8964    0.0636    0.0400
    0.0352    0.6933    0.2715
    0.0189    0.2673    0.7138
tm(:,:,168) =
    0.8977    0.0706    0.0317
    0.0323    0.7009    0.2667
    0.0243    0.2554    0.7203
tm(:,:,169) =
    0.9090    0.0489    0.0420
    0.0396    0.6657    0.2948
    0.0188    0.2715    0.7096
tm(:,:,170) =
    0.8936    0.0669    0.0395
    0.0380    0.6681    0.2939
    0.0273    0.2770    0.6957
tm(:,:,171) =
    0.8868    0.0723    0.0409
    0.0478    0.6545    0.2976
    0.0200    0.2806    0.6993
tm(:,:,172) =
    0.8932    0.0703    0.0366
    0.0440    0.6646    0.2914
    0.0146    0.2913    0.6940
tm(:,:,173) =
    0.9025    0.0570    0.0404
    0.0315    0.6860    0.2825
    0.0297    0.2804    0.6899
tm(:,:,174) =
    0.8969    0.0634    0.0397
    0.0300    0.6946    0.2754
    0.0381    0.2469    0.7150
tm(:,:,175) =
    0.8932    0.0808    0.0260
    0.0393    0.6665    0.2943
    0.0247    0.2929    0.6823
tm(:,:,176) =
    0.8777    0.0994    0.0229
    0.0478    0.6581    0.2940
    0.0240    0.2937    0.6823
tm(:,:,177) =
    0.8889    0.0823    0.0288
    0.0473    0.6326    0.3202
    0.0187    0.3107    0.6706
tm(:,:,178) =
    0.8919    0.0844    0.0237
    0.0493    0.6685    0.2822
    0.0192    0.2813    0.6995
tm(:,:,179) =
    0.8889    0.1002    0.0109
    0.0544    0.6880    0.2575
    0.0148    0.2823    0.7029
tm(:,:,180) =
    0.8828    0.1035    0.0137
    0.0481    0.6751    0.2768
    0.0270    0.2470    0.7259
tm(:,:,181) =
    0.8852    0.0933    0.0215
    0.0389    0.6768    0.2843
    0.0214    0.2557    0.7229
tm(:,:,182) =
    0.8907    0.0886    0.0207
    0.0374    0.6395    0.3230
    0.0192    0.2978    0.6830
tm(:,:,183) =
    0.8621    0.1148    0.0231
    0.0500    0.6400    0.3101
    0.0202    0.2797    0.7001
tm(:,:,184) =
    0.8897    0.0909    0.0194
    0.0450    0.6526    0.3024
    0.0200    0.2953    0.6847
tm(:,:,185) =
    0.8809    0.0970    0.0221
    0.0389    0.6803    0.2808
    0.0278    0.2377    0.7346
tm(:,:,186) =
    0.8680    0.1043    0.0277
    0.0436    0.6763    0.2801
    0.0167    0.2788    0.7045
tm(:,:,187) =
    0.8837    0.0759    0.0404
    0.0454    0.6826    0.2721
    0.0159    0.2509    0.7332
tm(:,:,188) =
    0.9018    0.0759    0.0223
    0.0472    0.6832    0.2696
    0.0157    0.2605    0.7238
tm(:,:,189) =
    0.8539    0.1229    0.0232
    0.0364    0.6946    0.2690
    0.0235    0.2587    0.7177
tm(:,:,190) =
    0.8948    0.0929    0.0123
    0.0423    0.6958    0.2619
    0.0243    0.2776    0.6980
tm(:,:,191) =
    0.8845    0.0979    0.0176
    0.0350    0.6912    0.2738
    0.0207    0.2859    0.6935
tm(:,:,192) =
    0.8811    0.0881    0.0307
    0.0301    0.6711    0.2988
    0.0181    0.2768    0.7052
tm(:,:,193) =
    0.8773    0.0945    0.0281
    0.0374    0.6856    0.2770
    0.0139    0.2734    0.7128
tm(:,:,194) =
    0.8901    0.0811    0.0287
    0.0471    0.6745    0.2785
    0.0169    0.2442    0.7389
tm(:,:,195) =
    0.8591    0.1146    0.0263
    0.0560    0.6720    0.2719
    0.0167    0.2666    0.7167
tm(:,:,196) =
    0.8756    0.1069    0.0175
    0.0568    0.6482    0.2949
    0.0198    0.2856    0.6946
tm(:,:,197) =
    0.8723    0.1023    0.0255
    0.0459    0.6591    0.2950
    0.0162    0.2763    0.7075
tm(:,:,198) =
    0.8929    0.0836    0.0235
    0.0364    0.6526    0.3110
    0.0298    0.2679    0.7023
tm(:,:,199) =
    0.8675    0.1117    0.0208
    0.0474    0.6667    0.2859
    0.0281    0.2811    0.6907
tm(:,:,200) =
    0.8640    0.1090    0.0270
    0.0467    0.6607    0.2925
    0.0171    0.2827    0.7001
tm(:,:,201) =
    0.8747    0.0982    0.0271
    0.0462    0.6756    0.2782
    0.0118    0.2711    0.7170
tm(:,:,202) =
    0.8896    0.0827    0.0277
    0.0380    0.6894    0.2726
    0.0159    0.2627    0.7214
tm(:,:,203) =
    0.9040    0.0664    0.0296
    0.0416    0.7117    0.2467
    0.0184    0.2566    0.7249
tm(:,:,204) =
    0.8929    0.0764    0.0306
    0.0457    0.6544    0.2999
    0.0119    0.2887    0.6994
tm(:,:,205) =
    0.8944    0.0741    0.0314
    0.0505    0.6685    0.2809
    0.0046    0.2915    0.7039
tm(:,:,206) =
    0.8837    0.0942    0.0220
    0.0542    0.6737    0.2721
    0.0059    0.2737    0.7204
tm(:,:,207) =
    0.8830    0.0933    0.0236
    0.0580    0.6693    0.2727
    0.0061    0.2498    0.7440
tm(:,:,208) =
    0.8941    0.0671    0.0389
    0.0465    0.6851    0.2683
    0.0096    0.2782    0.7122
tm(:,:,209) =
    0.8846    0.0907    0.0247
    0.0499    0.6782    0.2720
    0.0111    0.3062    0.6827
tm(:,:,210) =
    0.8715    0.0888    0.0397
    0.0364    0.6692    0.2944
    0.0220    0.2686    0.7094
tm(:,:,211) =
    0.9067    0.0638    0.0295
    0.0420    0.6576    0.3005
    0.0137    0.2519    0.7343
tm(:,:,212) =
    0.9077    0.0734    0.0188
    0.0314    0.6753    0.2933
    0.0138    0.2342    0.7520
tm(:,:,213) =
    0.8921    0.0951    0.0128
    0.0373    0.6910    0.2717
    0.0116    0.2489    0.7395
tm(:,:,214) =
    0.8967    0.0819    0.0214
    0.0339    0.6825    0.2836
    0.0119    0.2911    0.6970
tm(:,:,215) =
    0.8837    0.0967    0.0195
    0.0381    0.6917    0.2702
    0.0080    0.2636    0.7284
tm(:,:,216) =
    0.8762    0.0923    0.0315
    0.0338    0.6942    0.2720
    0.0185    0.2875    0.6941
tm(:,:,217) =
    0.8975    0.0841    0.0184
    0.0352    0.6794    0.2850
    0.0198    0.2522    0.7279
tm(:,:,218) =
    0.8930    0.0846    0.0224
    0.0378    0.6883    0.2739
    0.0207    0.2621    0.7172
tm(:,:,219) =
    0.9021    0.0649    0.0330
    0.0463    0.6999    0.2538
    0.0158    0.2457    0.7385
tm(:,:,220) =
    0.8862    0.0778    0.0360
    0.0384    0.6958    0.2658
    0.0128    0.2789    0.7084
tm(:,:,221) =
    0.9006    0.0666    0.0327
    0.0380    0.6845    0.2774
    0.0155    0.2547    0.7298
tm(:,:,222) =
    0.8945    0.0703    0.0352
    0.0323    0.7111    0.2566
    0.0099    0.2663    0.7239
tm(:,:,223) =
    0.9056    0.0717    0.0226
    0.0393    0.6735    0.2872
    0.0219    0.2754    0.7027
tm(:,:,224) =
    0.9066    0.0593    0.0342
    0.0457    0.6924    0.2620
    0.0083    0.2768    0.7150
tm(:,:,225) =
    0.8872    0.0715    0.0413
    0.0500    0.6924    0.2576
    0.0099    0.2543    0.7358
tm(:,:,226) =
    0.8838    0.0915    0.0247
    0.0473    0.6969    0.2558
    0.0047    0.2642    0.7311
tm(:,:,227) =
    0.8936    0.0908    0.0156
    0.0415    0.6680    0.2905
    0.0097    0.2692    0.7211
tm(:,:,228) =
    0.8929    0.0831    0.0240
    0.0412    0.6923    0.2665
    0.0166    0.2559    0.7275
tm(:,:,229) =
    0.9174    0.0746    0.0080
    0.0354    0.6642    0.3004
    0.0179    0.2623    0.7198
tm(:,:,230) =
    0.8953    0.0973    0.0075
    0.0354    0.6898    0.2748
    0.0118    0.2678    0.7205
tm(:,:,231) =
    0.8943    0.0988    0.0069
    0.0410    0.6467    0.3123
    0.0141    0.2940    0.6919
tm(:,:,232) =
    0.9035    0.0848    0.0116
    0.0411    0.6373    0.3216
    0.0148    0.2713    0.7139
tm(:,:,233) =
    0.8949    0.0846    0.0204
    0.0379    0.6947    0.2673
    0.0111    0.2673    0.7216
tm(:,:,234) =
    0.8915    0.0956    0.0129
    0.0333    0.6996    0.2672
    0.0190    0.2605    0.7205
tm(:,:,235) =
    0.8857    0.0917    0.0226
    0.0371    0.6778    0.2851
    0.0187    0.2771    0.7042
tm(:,:,236) =
    0.8907    0.0917    0.0176
    0.0432    0.6860    0.2708
    0.0169    0.2570    0.7261
tm(:,:,237) =
    0.8783    0.1087    0.0130
    0.0422    0.6918    0.2660
    0.0175    0.2660    0.7165
tm(:,:,238) =
    0.8836    0.1012    0.0152
    0.0589    0.6641    0.2769
    0.0119    0.2667    0.7214
tm(:,:,239) =
    0.9006    0.0912    0.0082
    0.0451    0.6494    0.3055
    0.0084    0.2855    0.7061
tm(:,:,240) =
    0.8754    0.1108    0.0138
    0.0479    0.6853    0.2668
    0.0166    0.2485    0.7348
tm(:,:,241) =
    0.8765    0.1080    0.0155
    0.0525    0.6635    0.2841
    0.0199    0.2568    0.7233
tm(:,:,242) =
    0.8598    0.1027    0.0375
    0.0513    0.6524    0.2962
    0.0135    0.2880    0.6984
tm(:,:,243) =
    0.8721    0.1009    0.0270
    0.0599    0.6795    0.2606
    0.0114    0.2623    0.7263
tm(:,:,244) =
    0.8930    0.0898    0.0172
    0.0519    0.6714    0.2767
    0.0134    0.2427    0.7439
tm(:,:,245) =
    0.8704    0.1095    0.0200
    0.0552    0.6762    0.2686
    0.0145    0.2548    0.7306
tm(:,:,246) =
    0.8568    0.1235    0.0198
    0.0426    0.7021    0.2554
    0.0221    0.2400    0.7380
tm(:,:,247) =
    0.8946    0.0825    0.0229
    0.0475    0.6650    0.2875
    0.0192    0.2438    0.7370
tm(:,:,248) =
    0.8799    0.0909    0.0292
    0.0381    0.6931    0.2688
    0.0218    0.2566    0.7216
tm(:,:,249) =
    0.8936    0.0698    0.0366
    0.0486    0.6602    0.2912
    0.0140    0.2642    0.7218
tm(:,:,250) =
    0.8621    0.0912    0.0468
    0.0412    0.6637    0.2952
    0.0148    0.2587    0.7266
tm(:,:,251) =
    0.8896    0.0883    0.0222
    0.0389    0.6887    0.2725
    0.0147    0.2572    0.7281
tm(:,:,252) =
    0.9020    0.0673    0.0307
    0.0357    0.6922    0.2721
    0.0178    0.2548    0.7274
tm(:,:,253) =
    0.8868    0.0753    0.0379
    0.0327    0.6969    0.2704
    0.0252    0.2569    0.7178
tm(:,:,254) =
    0.9011    0.0788    0.0202
    0.0344    0.6884    0.2773
    0.0194    0.2716    0.7090
tm(:,:,255) =
    0.8849    0.0793    0.0358
    0.0315    0.7189    0.2496
    0.0167    0.2626    0.7207
tm(:,:,256) =
    0.9101    0.0788    0.0111
    0.0317    0.6929    0.2754
    0.0124    0.2568    0.7308
tm(:,:,257) =
    0.8922    0.0878    0.0199
    0.0383    0.6827    0.2790
    0.0176    0.2702    0.7122
tm(:,:,258) =
    0.8721    0.1123    0.0156
    0.0402    0.6909    0.2689
    0.0233    0.2520    0.7247
tm(:,:,259) =
    0.8682    0.0965    0.0353
    0.0435    0.6852    0.2713
    0.0233    0.2695    0.7072
tm(:,:,260) =
    0.8826    0.0875    0.0299
    0.0507    0.6726    0.2767
    0.0178    0.2767    0.7054
tm(:,:,261) =
    0.8705    0.1018    0.0277
    0.0581    0.6724    0.2695
    0.0114    0.2769    0.7117
tm(:,:,262) =
    0.8846    0.0782    0.0372
    0.0412    0.6910    0.2679
    0.0158    0.2712    0.7131
tm(:,:,263) =
    0.8840    0.0853    0.0307
    0.0469    0.6713    0.2818
    0.0184    0.2609    0.7207
tm(:,:,264) =
    0.8893    0.0701    0.0406
    0.0467    0.6752    0.2781
    0.0232    0.2638    0.7130
tm(:,:,265) =
    0.8811    0.0822    0.0368
    0.0474    0.6619    0.2907
    0.0240    0.2510    0.7250
tm(:,:,266) =
    0.8862    0.0758    0.0380
    0.0399    0.6794    0.2806
    0.0215    0.2834    0.6950
tm(:,:,267) =
    0.8968    0.0755    0.0277
    0.0437    0.7006    0.2557
    0.0151    0.2507    0.7342
tm(:,:,268) =
    0.9145    0.0603    0.0253
    0.0346    0.7153    0.2502
    0.0246    0.2573    0.7182
tm(:,:,269) =
    0.9079    0.0618    0.0303
    0.0298    0.7112    0.2591
    0.0233    0.2412    0.7355
tm(:,:,270) =
    0.8962    0.0683    0.0354
    0.0336    0.7270    0.2394
    0.0260    0.2333    0.7407
tm(:,:,271) =
    0.8930    0.0849    0.0221
    0.0243    0.7317    0.2440
    0.0332    0.2235    0.7433
tm(:,:,272) =
    0.8878    0.0951    0.0171
    0.0290    0.7009    0.2701
    0.0286    0.2584    0.7130
tm(:,:,273) =
    0.8889    0.0846    0.0265
    0.0396    0.6920    0.2684
    0.0239    0.2551    0.7210
tm(:,:,274) =
    0.9030    0.0683    0.0287
    0.0320    0.6867    0.2812
    0.0249    0.2285    0.7466
tm(:,:,275) =
    0.8980    0.0782    0.0238
    0.0347    0.6858    0.2795
    0.0228    0.2323    0.7449
tm(:,:,276) =
    0.8917    0.0917    0.0166
    0.0286    0.7236    0.2478
    0.0243    0.2679    0.7078
tm(:,:,277) =
    0.8939    0.0788    0.0273
    0.0334    0.6983    0.2684
    0.0184    0.2460    0.7355
tm(:,:,278) =
    0.9081    0.0614    0.0305
    0.0334    0.6971    0.2692
    0.0197    0.2610    0.7192
tm(:,:,279) =
    0.9118    0.0474    0.0408
    0.0327    0.7134    0.2539
    0.0134    0.2420    0.7446
tm(:,:,280) =
    0.9085    0.0562    0.0353
    0.0333    0.7104    0.2562
    0.0134    0.2394    0.7471
tm(:,:,281) =
    0.9176    0.0580    0.0244
    0.0358    0.6774    0.2868
    0.0101    0.2637    0.7262
tm(:,:,282) =
    0.8999    0.0616    0.0385
    0.0405    0.6652    0.2943
    0.0145    0.2641    0.7214
tm(:,:,283) =
    0.8859    0.0845    0.0296
    0.0447    0.6787    0.2766
    0.0128    0.2701    0.7172
tm(:,:,284) =
    0.8939    0.0682    0.0379
    0.0423    0.6879    0.2697
    0.0123    0.2619    0.7258
tm(:,:,285) =
    0.8926    0.0554    0.0519
    0.0395    0.7014    0.2590
    0.0156    0.2655    0.7189
tm(:,:,286) =
    0.8697    0.0752    0.0551
    0.0320    0.6900    0.2780
    0.0200    0.2421    0.7379
tm(:,:,287) =
    0.8890    0.0787    0.0323
    0.0370    0.6880    0.2749
    0.0272    0.2429    0.7299
tm(:,:,288) =
    0.9195    0.0596    0.0208
    0.0391    0.6927    0.2682
    0.0118    0.2440    0.7442
tm(:,:,289) =
    0.9112    0.0619    0.0269
    0.0370    0.6694    0.2936
    0.0142    0.2514    0.7345
tm(:,:,290) =
    0.8725    0.0925    0.0349
    0.0450    0.6770    0.2778
    0.0151    0.2516    0.7334
tm(:,:,291) =
    0.8869    0.0659    0.0472
    0.0434    0.6807    0.2759
    0.0105    0.2509    0.7386
tm(:,:,292) =
    0.8825    0.0863    0.0313
    0.0450    0.6776    0.2774
    0.0149    0.2703    0.7148
tm(:,:,293) =
    0.8804    0.0749    0.0447
    0.0502    0.6413    0.3085
    0.0113    0.2528    0.7359
tm(:,:,294) =
    0.8823    0.0945    0.0232
    0.0465    0.6706    0.2830
    0.0082    0.2545    0.7372
tm(:,:,295) =
    0.8859    0.0771    0.0370
    0.0504    0.6706    0.2790
    0.0108    0.2847    0.7046
tm(:,:,296) =
    0.8763    0.0850    0.0387
    0.0387    0.7065    0.2548
    0.0189    0.2660    0.7152
tm(:,:,297) =
    0.8621    0.0972    0.0407
    0.0489    0.6956    0.2555
    0.0172    0.2425    0.7403
tm(:,:,298) =
    0.8930    0.0795    0.0275
    0.0446    0.6858    0.2696
    0.0215    0.2482    0.7304
tm(:,:,299) =
    0.8696    0.1031    0.0273
    0.0518    0.7072    0.2410
    0.0095    0.2729    0.7176
tm(:,:,300) =
    0.8844    0.0914    0.0243
    0.0512    0.7013    0.2475
    0.0191    0.2366    0.7444
tm(:,:,301) =
    0.8847    0.0961    0.0192
    0.0425    0.6958    0.2617
    0.0222    0.2627    0.7152
tm(:,:,302) =
    0.8663    0.1013    0.0323
    0.0565    0.6507    0.2927
    0.0225    0.2951    0.6824
tm(:,:,303) =
    0.8570    0.0859    0.0570
    0.0605    0.6761    0.2634
    0.0221    0.2902    0.6878
tm(:,:,304) =
    0.8853    0.0731    0.0416
    0.0552    0.6746    0.2702
    0.0159    0.2864    0.6976
tm(:,:,305) =
    0.8487    0.0835    0.0678
    0.0489    0.6944    0.2567
    0.0224    0.2531    0.7245
tm(:,:,306) =
    0.8841    0.0800    0.0359
    0.0437    0.7198    0.2365
    0.0153    0.2258    0.7588
tm(:,:,307) =
    0.8770    0.0935    0.0294
    0.0589    0.7152    0.2259
    0.0182    0.2496    0.7322
tm(:,:,308) =
    0.8909    0.0838    0.0253
    0.0492    0.6986    0.2522
    0.0164    0.2538    0.7298
tm(:,:,309) =
    0.8764    0.0900    0.0336
    0.0450    0.6796    0.2754
    0.0246    0.2636    0.7117
tm(:,:,310) =
    0.8879    0.0873    0.0248
    0.0500    0.6673    0.2827
    0.0226    0.2894    0.6878
tm(:,:,311) =
    0.8675    0.0907    0.0418
    0.0607    0.6570    0.2823
    0.0175    0.2701    0.7124
tm(:,:,312) =
    0.8779    0.0904    0.0317
    0.0600    0.6689    0.2711
    0.0156    0.2805    0.7039
tm(:,:,313) =
    0.8669    0.1100    0.0231
    0.0539    0.6645    0.2816
    0.0155    0.2878    0.6967
tm(:,:,314) =
    0.8523    0.1174    0.0303
    0.0532    0.6741    0.2727
    0.0195    0.2705    0.7101
tm(:,:,315) =
    0.8851    0.0753    0.0396
    0.0467    0.6569    0.2965
    0.0221    0.2619    0.7159
tm(:,:,316) =
    0.8791    0.0911    0.0298
    0.0380    0.7040    0.2580
    0.0220    0.2699    0.7081
tm(:,:,317) =
    0.8902    0.0863    0.0234
    0.0365    0.6761    0.2874
    0.0173    0.2600    0.7227
tm(:,:,318) =
    0.8629    0.0911    0.0460
    0.0607    0.6748    0.2645
    0.0170    0.2692    0.7137
tm(:,:,319) =
    0.8566    0.1091    0.0342
    0.0508    0.6460    0.3031
    0.0160    0.2937    0.6904
tm(:,:,320) =
    0.8607    0.1083    0.0310
    0.0512    0.6816    0.2671
    0.0173    0.2617    0.7210
tm(:,:,321) =
    0.8866    0.0947    0.0187
    0.0366    0.6764    0.2869
    0.0215    0.2417    0.7368
tm(:,:,322) =
    0.8342    0.1427    0.0232
    0.0538    0.6682    0.2781
    0.0185    0.2638    0.7177
tm(:,:,323) =
    0.8613    0.1246    0.0140
    0.0555    0.6593    0.2852
    0.0148    0.2569    0.7282
tm(:,:,324) =
    0.8555    0.1206    0.0238
    0.0503    0.6442    0.3055
    0.0223    0.2728    0.7049
tm(:,:,325) =
    0.8606    0.1147    0.0248
    0.0429    0.6641    0.2929
    0.0200    0.2489    0.7311
tm(:,:,326) =
    0.8433    0.1341    0.0226
    0.0572    0.6684    0.2743
    0.0228    0.2573    0.7199
tm(:,:,327) =
    0.8699    0.1046    0.0255
    0.0462    0.6904    0.2634
    0.0224    0.2505    0.7270
tm(:,:,328) =
    0.8699    0.1039    0.0262
    0.0470    0.6939    0.2591
    0.0242    0.2461    0.7297
tm(:,:,329) =
    0.8641    0.0946    0.0412
    0.0530    0.6872    0.2598
    0.0193    0.2445    0.7362
tm(:,:,330) =
    0.8578    0.1235    0.0187
    0.0442    0.6732    0.2826
    0.0236    0.2550    0.7214
tm(:,:,331) =
    0.8669    0.1042    0.0289
    0.0417    0.6884    0.2699
    0.0186    0.2424    0.7390
tm(:,:,332) =
    0.8899    0.0790    0.0310
    0.0406    0.6901    0.2694
    0.0248    0.2706    0.7046
tm(:,:,333) =
    0.8958    0.0855    0.0187
    0.0468    0.6491    0.3041
    0.0158    0.3034    0.6809
tm(:,:,334) =
    0.8884    0.0774    0.0342
    0.0428    0.6737    0.2836
    0.0218    0.2922    0.6859
tm(:,:,335) =
    0.8859    0.0938    0.0204
    0.0481    0.6226    0.3293
    0.0200    0.2954    0.6846
tm(:,:,336) =
    0.8705    0.1023    0.0272
    0.0432    0.6452    0.3116
    0.0286    0.2898    0.6816
tm(:,:,337) =
    0.8784    0.0996    0.0221
    0.0465    0.6282    0.3253
    0.0275    0.2973    0.6752
tm(:,:,338) =
    0.8782    0.1032    0.0185
    0.0476    0.6438    0.3086
    0.0209    0.2986    0.6805
tm(:,:,339) =
    0.8783    0.1080    0.0137
    0.0390    0.6522    0.3089
    0.0269    0.3059    0.6671
tm(:,:,340) =
    0.8752    0.1120    0.0128
    0.0362    0.6619    0.3019
    0.0315    0.2634    0.7051
tm(:,:,341) =
    0.8731    0.1114    0.0155
    0.0508    0.6270    0.3222
    0.0234    0.3061    0.6705
tm(:,:,342) =
    0.8987    0.0758    0.0255
    0.0406    0.6745    0.2850
    0.0243    0.2677    0.7079
tm(:,:,343) =
    0.8896    0.0713    0.0391
    0.0406    0.7162    0.2432
    0.0191    0.2480    0.7329
tm(:,:,344) =
    0.8842    0.0731    0.0427
    0.0443    0.6904    0.2653
    0.0149    0.2868    0.6983
tm(:,:,345) =
    0.8885    0.0739    0.0377
    0.0292    0.7049    0.2659
    0.0216    0.2755    0.7029
tm(:,:,346) =
    0.9025    0.0659    0.0316
    0.0366    0.6954    0.2680
    0.0164    0.2577    0.7259
tm(:,:,347) =
    0.9061    0.0495    0.0444
    0.0399    0.6963    0.2638
    0.0160    0.2769    0.7071
tm(:,:,348) =
    0.8974    0.0780    0.0246
    0.0401    0.7055    0.2545
    0.0144    0.2408    0.7448
tm(:,:,349) =
    0.8871    0.0834    0.0294
    0.0398    0.6800    0.2802
    0.0171    0.2630    0.7199
tm(:,:,350) =
    0.8881    0.0831    0.0288
    0.0314    0.6946    0.2740
    0.0238    0.2673    0.7090
tm(:,:,351) =
    0.8906    0.0732    0.0362
    0.0507    0.6613    0.2880
    0.0158    0.2756    0.7086
tm(:,:,352) =
    0.8919    0.0843    0.0238
    0.0523    0.6792    0.2685
    0.0179    0.2700    0.7121
tm(:,:,353) =
    0.8743    0.1007    0.0250
    0.0594    0.6588    0.2817
    0.0129    0.2772    0.7098
tm(:,:,354) =
    0.8884    0.0972    0.0144
    0.0503    0.6790    0.2706
    0.0143    0.2783    0.7075
tm(:,:,355) =
    0.8644    0.0973    0.0383
    0.0577    0.6715    0.2708
    0.0142    0.2641    0.7217
tm(:,:,356) =
    0.8753    0.0893    0.0354
    0.0547    0.6694    0.2759
    0.0151    0.2637    0.7212
tm(:,:,357) =
    0.8961    0.0840    0.0199
    0.0531    0.6724    0.2745
    0.0189    0.2404    0.7407
tm(:,:,358) =
    0.8879    0.0700    0.0421
    0.0410    0.6601    0.2990
    0.0222    0.2582    0.7196
tm(:,:,359) =
    0.8954    0.0785    0.0261
    0.0379    0.6716    0.2905
    0.0133    0.2596    0.7270
