tm(:,:,1) =
    0.8376    0.1348    0.0000    0.0277
    0.0818    0.7539    0.0704    0.0939
    0.0034    0.0497    0.6630    0.2839
    0.0086    0.0304    0.1978    0.7632
tm(:,:,2) =
    0.7984    0.1582    0.0074    0.0360
    0.0725    0.7867    0.0717    0.0691
    0.0021    0.0346    0.6593    0.3040
    0.0065    0.0323    0.2028    0.7585
tm(:,:,3) =
    0.8139    0.1383    0.0000    0.0478
    0.0803    0.7702    0.0745    0.0749
    0.0002    0.0386    0.6485    0.3127
    0.0050    0.0326    0.2331    0.7293
tm(:,:,4) =
    0.8458    0.1096    0.0000    0.0446
    0.0780    0.7599    0.0859    0.0763
    0.0001    0.0397    0.6061    0.3541
    0.0083    0.0366    0.2376    0.7176
tm(:,:,5) =
    0.8370    0.1349    0.0000    0.0282
    0.0669    0.7669    0.0932    0.0730
    0.0002    0.0375    0.6131    0.3492
    0.0054    0.0437    0.2334    0.7175
tm(:,:,6) =
    0.8278    0.1332    0.0007    0.0383
    0.0625    0.7594    0.1042    0.0739
    0.0000    0.0362    0.6305    0.3333
    0.0049    0.0440    0.2409    0.7101
tm(:,:,7) =
    0.8746    0.1081    0.0010    0.0162
    0.0680    0.7322    0.1238    0.0759
    0.0000    0.0338    0.6069    0.3592
    0.0042    0.0565    0.2148    0.7245
tm(:,:,8) =
    0.8845    0.0799    0.0022    0.0333
    0.0642    0.7695    0.0854    0.0809
    0.0000    0.0378    0.6015    0.3607
    0.0031    0.0560    0.2327    0.7081
tm(:,:,9) =
    0.8341    0.1255    0.0000    0.0404
    0.0788    0.7494    0.0810    0.0908
    0.0010    0.0387    0.6130    0.3472
    0.0017    0.0551    0.2098    0.7335
tm(:,:,10) =
    0.8476    0.0922    0.0000    0.0601
    0.0751    0.7736    0.0799    0.0714
    0.0003    0.0391    0.6318    0.3288
    0.0017    0.0458    0.2377    0.7148
tm(:,:,11) =
    0.8325    0.1296    0.0015    0.0364
    0.0729    0.7613    0.0791    0.0866
    0.0000    0.0334    0.6054    0.3613
    0.0058    0.0542    0.2341    0.7059
tm(:,:,12) =
    0.8470    0.1227    0.0001    0.0302
    0.0616    0.7642    0.0765    0.0976
    0.0000    0.0288    0.6004    0.3708
    0.0064    0.0474    0.2293    0.7168
tm(:,:,13) =
    0.8200    0.1485    0.0044    0.0271
    0.0651    0.7631    0.0617    0.1100
    0.0000    0.0226    0.6324    0.3450
    0.0061    0.0673    0.2207    0.7059
tm(:,:,14) =
    0.8237    0.1333    0.0153    0.0277
    0.0783    0.7579    0.0737    0.0901
    0.0000    0.0154    0.6162    0.3685
    0.0076    0.0522    0.2220    0.7182
tm(:,:,15) =
    0.8159    0.1672    0.0049    0.0120
    0.0695    0.7496    0.0949    0.0859
    0.0000    0.0277    0.6591    0.3132
    0.0066    0.0559    0.2120    0.7255
tm(:,:,16) =
    0.7876    0.1974    0.0027    0.0122
    0.0724    0.7725    0.0648    0.0903
    0.0000    0.0272    0.6650    0.3079
    0.0038    0.0531    0.2307    0.7124
tm(:,:,17) =
    0.7785    0.2115    0.0006    0.0094
    0.0742    0.7471    0.0866    0.0921
    0.0000    0.0267    0.6531    0.3203
    0.0029    0.0570    0.2318    0.7084
tm(:,:,18) =
    0.8419    0.1381    0.0005    0.0196
    0.0486    0.8030    0.0806    0.0678
    0.0003    0.0393    0.6586    0.3019
    0.0037    0.0381    0.2268    0.7315
tm(:,:,19) =
    0.8262    0.1462    0.0000    0.0276
    0.0407    0.7631    0.1061    0.0901
    0.0000    0.0495    0.6315    0.3189
    0.0064    0.0399    0.2000    0.7537
tm(:,:,20) =
    0.8521    0.0964    0.0102    0.0413
    0.0551    0.7915    0.1060    0.0474
    0.0000    0.0311    0.6485    0.3204
    0.0066    0.0388    0.2276    0.7271
tm(:,:,21) =
    0.7795    0.1604    0.0267    0.0334
    0.0559    0.8157    0.0633    0.0651
    0.0000    0.0387    0.6399    0.3213
    0.0045    0.0318    0.2092    0.7544
tm(:,:,22) =
    0.8404    0.1153    0.0417    0.0025
    0.0363    0.8175    0.0604    0.0857
    0.0000    0.0251    0.6365    0.3385
    0.0062    0.0438    0.1817    0.7682
tm(:,:,23) =
    0.7947    0.1751    0.0146    0.0156
    0.0505    0.8044    0.0502    0.0950
    0.0000    0.0237    0.6153    0.3610
    0.0052    0.0459    0.2024    0.7466
tm(:,:,24) =
    0.8024    0.1688    0.0123    0.0165
    0.0551    0.8041    0.0540    0.0869
    0.0000    0.0346    0.6373    0.3280
    0.0063    0.0412    0.2259    0.7265
tm(:,:,25) =
    0.8326    0.1427    0.0077    0.0170
    0.0653    0.7818    0.0682    0.0847
    0.0000    0.0288    0.6343    0.3369
    0.0017    0.0415    0.2157    0.7410
tm(:,:,26) =
    0.7764    0.1970    0.0216    0.0049
    0.0717    0.7818    0.0560    0.0905
    0.0000    0.0284    0.6672    0.3044
    0.0013    0.0441    0.2051    0.7495
tm(:,:,27) =
    0.8275    0.1457    0.0065    0.0204
    0.0790    0.7705    0.0587    0.0918
    0.0009    0.0192    0.6799    0.3001
    0.0034    0.0403    0.2086    0.7477
tm(:,:,28) =
    0.7965    0.1530    0.0094    0.0412
    0.0869    0.7627    0.0499    0.1005
    0.0000    0.0233    0.6546    0.3221
    0.0026    0.0474    0.2199    0.7301
tm(:,:,29) =
    0.8077    0.1524    0.0120    0.0279
    0.0866    0.7758    0.0503    0.0873
    0.0000    0.0204    0.6525    0.3271
    0.0036    0.0402    0.2151    0.7410
tm(:,:,30) =
    0.8228    0.1258    0.0230    0.0284
    0.0729    0.7837    0.0623    0.0811
    0.0000    0.0328    0.6521    0.3151
    0.0036    0.0402    0.2222    0.7340
tm(:,:,31) =
    0.8128    0.1548    0.0190    0.0134
    0.0758    0.7829    0.0653    0.0760
    0.0001    0.0318    0.6435    0.3246
    0.0038    0.0371    0.2270    0.7321
tm(:,:,32) =
    0.8062    0.1297    0.0388    0.0252
    0.0790    0.7685    0.0552    0.0973
    0.0001    0.0290    0.6251    0.3458
    0.0054    0.0389    0.2135    0.7422
tm(:,:,33) =
    0.7785    0.1523    0.0371    0.0321
    0.0983    0.7663    0.0433    0.0921
    0.0000    0.0224    0.6664    0.3112
    0.0083    0.0400    0.2234    0.7283
tm(:,:,34) =
    0.8082    0.1475    0.0115    0.0328
    0.1037    0.7544    0.0367    0.1052
    0.0000    0.0130    0.6449    0.3422
    0.0081    0.0450    0.2247    0.7222
tm(:,:,35) =
    0.7714    0.1704    0.0310    0.0272
    0.1005    0.7550    0.0436    0.1008
    0.0000    0.0284    0.6146    0.3570
    0.0120    0.0331    0.2282    0.7266
tm(:,:,36) =
    0.7777    0.1627    0.0450    0.0147
    0.1009    0.7741    0.0297    0.0953
    0.0002    0.0355    0.6419    0.3224
    0.0072    0.0285    0.2440    0.7203
tm(:,:,37) =
    0.7814    0.1827    0.0197    0.0162
    0.0851    0.7884    0.0211    0.1053
    0.0004    0.0254    0.6557    0.3185
    0.0068    0.0290    0.2295    0.7347
tm(:,:,38) =
    0.7896    0.1845    0.0205    0.0054
    0.0639    0.8024    0.0386    0.0951
    0.0024    0.0343    0.6446    0.3187
    0.0038    0.0386    0.2366    0.7210
tm(:,:,39) =
    0.8253    0.1584    0.0117    0.0046
    0.0611    0.7951    0.0180    0.1259
    0.0000    0.0351    0.6270    0.3379
    0.0051    0.0338    0.2333    0.7278
tm(:,:,40) =
    0.8110    0.1593    0.0134    0.0164
    0.0751    0.7716    0.0358    0.1175
    0.0000    0.0456    0.6515    0.3029
    0.0047    0.0376    0.2099    0.7478
tm(:,:,41) =
    0.8207    0.1309    0.0375    0.0109
    0.0641    0.7709    0.0416    0.1233
    0.0000    0.0545    0.6627    0.2828
    0.0053    0.0388    0.2058    0.7501
tm(:,:,42) =
    0.8182    0.1275    0.0234    0.0308
    0.0752    0.7901    0.0180    0.1167
    0.0004    0.0319    0.6842    0.2836
    0.0046    0.0358    0.2113    0.7483
tm(:,:,43) =
    0.8297    0.1190    0.0136    0.0377
    0.0850    0.7636    0.0246    0.1267
    0.0004    0.0234    0.6872    0.2890
    0.0073    0.0389    0.2245    0.7293
tm(:,:,44) =
    0.8268    0.1223    0.0066    0.0443
    0.1338    0.7404    0.0272    0.0986
    0.0000    0.0357    0.6465    0.3178
    0.0085    0.0316    0.2199    0.7399
tm(:,:,45) =
    0.8099    0.1247    0.0048    0.0607
    0.0797    0.7731    0.0531    0.0941
    0.0000    0.0351    0.6387    0.3262
    0.0085    0.0367    0.2225    0.7323
tm(:,:,46) =
    0.8036    0.1372    0.0203    0.0389
    0.0655    0.7991    0.0369    0.0985
    0.0000    0.0242    0.6191    0.3567
    0.0087    0.0372    0.2193    0.7348
tm(:,:,47) =
    0.8248    0.1303    0.0180    0.0269
    0.0559    0.7970    0.0435    0.1036
    0.0000    0.0145    0.6262    0.3592
    0.0071    0.0463    0.2094    0.7371
tm(:,:,48) =
    0.8536    0.1031    0.0225    0.0207
    0.0588    0.7744    0.0484    0.1183
    0.0026    0.0226    0.6344    0.3404
    0.0045    0.0468    0.2003    0.7483
tm(:,:,49) =
    0.8315    0.0920    0.0615    0.0149
    0.0605    0.8235    0.0201    0.0958
    0.0012    0.0297    0.6180    0.3511
    0.0026    0.0411    0.2279    0.7284
tm(:,:,50) =
    0.8453    0.0710    0.0697    0.0141
    0.0666    0.8127    0.0157    0.1050
    0.0025    0.0329    0.6346    0.3300
    0.0091    0.0310    0.2146    0.7453
tm(:,:,51) =
    0.8403    0.0653    0.0667    0.0277
    0.0614    0.8242    0.0290    0.0853
    0.0002    0.0336    0.6341    0.3320
    0.0086    0.0357    0.2319    0.7238
tm(:,:,52) =
    0.8256    0.0885    0.0724    0.0134
    0.0628    0.8134    0.0235    0.1003
    0.0000    0.0282    0.6388    0.3330
    0.0119    0.0341    0.2252    0.7288
tm(:,:,53) =
    0.8072    0.1208    0.0530    0.0190
    0.0680    0.8048    0.0352    0.0920
    0.0000    0.0259    0.6355    0.3386
    0.0105    0.0356    0.2166    0.7373
tm(:,:,54) =
    0.7785    0.1260    0.0614    0.0340
    0.0757    0.8252    0.0316    0.0675
    0.0000    0.0248    0.6309    0.3443
    0.0108    0.0342    0.2403    0.7147
tm(:,:,55) =
    0.7927    0.1162    0.0747    0.0164
    0.0546    0.8395    0.0399    0.0661
    0.0000    0.0201    0.6392    0.3407
    0.0108    0.0347    0.2412    0.7134
tm(:,:,56) =
    0.8346    0.0885    0.0583    0.0186
    0.0539    0.8266    0.0354    0.0842
    0.0000    0.0179    0.6371    0.3450
    0.0129    0.0308    0.2364    0.7199
tm(:,:,57) =
    0.8411    0.1002    0.0340    0.0247
    0.0489    0.8155    0.0491    0.0865
    0.0000    0.0128    0.6133    0.3739
    0.0115    0.0392    0.2385    0.7109
tm(:,:,58) =
    0.8193    0.0911    0.0613    0.0283
    0.0664    0.8389    0.0271    0.0676
    0.0000    0.0267    0.6338    0.3395
    0.0079    0.0288    0.2415    0.7218
tm(:,:,59) =
    0.7811    0.1686    0.0233    0.0271
    0.0720    0.8067    0.0468    0.0744
    0.0006    0.0236    0.6132    0.3626
    0.0090    0.0324    0.2389    0.7196
tm(:,:,60) =
    0.8271    0.1333    0.0156    0.0240
    0.0519    0.8283    0.0705    0.0493
    0.0001    0.0267    0.5969    0.3762
    0.0060    0.0291    0.2354    0.7295
tm(:,:,61) =
    0.8318    0.1331    0.0209    0.0142
    0.0405    0.8400    0.0520    0.0676
    0.0000    0.0313    0.6245    0.3442
    0.0094    0.0290    0.2465    0.7151
tm(:,:,62) =
    0.8043    0.1333    0.0312    0.0312
    0.0669    0.8149    0.0646    0.0537
    0.0016    0.0297    0.6304    0.3382
    0.0057    0.0271    0.2280    0.7392
tm(:,:,63) =
    0.8499    0.0940    0.0128    0.0433
    0.0601    0.8060    0.0716    0.0623
    0.0000    0.0204    0.6505    0.3291
    0.0034    0.0355    0.2074    0.7536
tm(:,:,64) =
    0.8057    0.1377    0.0399    0.0166
    0.0498    0.8182    0.0599    0.0721
    0.0000    0.0222    0.6577    0.3201
    0.0065    0.0391    0.2138    0.7406
tm(:,:,65) =
    0.7703    0.1963    0.0236    0.0098
    0.0573    0.8004    0.0528    0.0895
    0.0000    0.0265    0.6357    0.3379
    0.0082    0.0356    0.2344    0.7218
tm(:,:,66) =
    0.7395    0.2434    0.0043    0.0128
    0.0755    0.7863    0.0712    0.0669
    0.0006    0.0411    0.6877    0.2706
    0.0063    0.0255    0.2168    0.7514
tm(:,:,67) =
    0.7788    0.1757    0.0119    0.0337
    0.0590    0.8138    0.0647    0.0625
    0.0000    0.0407    0.6587    0.3006
    0.0053    0.0272    0.2409    0.7267
tm(:,:,68) =
    0.8038    0.1386    0.0086    0.0490
    0.0895    0.7627    0.0764    0.0715
    0.0003    0.0477    0.6395    0.3125
    0.0045    0.0280    0.2166    0.7509
tm(:,:,69) =
    0.7830    0.1851    0.0106    0.0213
    0.1044    0.7331    0.0827    0.0798
    0.0011    0.0359    0.6387    0.3243
    0.0035    0.0285    0.2408    0.7272
tm(:,:,70) =
    0.7975    0.1759    0.0047    0.0219
    0.0797    0.7669    0.0709    0.0825
    0.0000    0.0350    0.6705    0.2946
    0.0053    0.0371    0.1956    0.7620
tm(:,:,71) =
    0.8037    0.1859    0.0000    0.0104
    0.0931    0.7637    0.0549    0.0883
    0.0001    0.0242    0.6961    0.2796
    0.0023    0.0339    0.1853    0.7786
tm(:,:,72) =
    0.7586    0.2175    0.0004    0.0235
    0.0991    0.7429    0.0653    0.0927
    0.0000    0.0417    0.6150    0.3432
    0.0031    0.0329    0.1989    0.7651
tm(:,:,73) =
    0.7581    0.2322    0.0009    0.0088
    0.0907    0.7736    0.0491    0.0866
    0.0004    0.0371    0.6410    0.3215
    0.0020    0.0309    0.2050    0.7621
tm(:,:,74) =
    0.7914    0.1814    0.0049    0.0223
    0.0787    0.7799    0.0526    0.0889
    0.0000    0.0258    0.6417    0.3325
    0.0033    0.0331    0.2231    0.7405
tm(:,:,75) =
    0.7939    0.1892    0.0009    0.0161
    0.0682    0.7744    0.0685    0.0888
    0.0000    0.0361    0.6125    0.3514
    0.0039    0.0343    0.2328    0.7291
tm(:,:,76) =
    0.7729    0.1825    0.0000    0.0446
    0.0997    0.7707    0.0513    0.0783
    0.0020    0.0378    0.6213    0.3390
    0.0045    0.0243    0.2298    0.7414
tm(:,:,77) =
    0.8061    0.1377    0.0001    0.0562
    0.1051    0.7456    0.0816    0.0678
    0.0000    0.0412    0.6140    0.3449
    0.0040    0.0277    0.2147    0.7536
tm(:,:,78) =
    0.7957    0.1761    0.0011    0.0270
    0.0953    0.7586    0.0902    0.0559
    0.0000    0.0326    0.6238    0.3437
    0.0078    0.0260    0.2254    0.7408
tm(:,:,79) =
    0.8067    0.1422    0.0042    0.0469
    0.1016    0.7600    0.0956    0.0428
    0.0003    0.0357    0.5780    0.3860
    0.0067    0.0249    0.2778    0.6906
tm(:,:,80) =
    0.8205    0.1399    0.0014    0.0382
    0.0802    0.7682    0.0953    0.0563
    0.0013    0.0389    0.5981    0.3616
    0.0071    0.0225    0.2459    0.7245
tm(:,:,81) =
    0.8106    0.1300    0.0031    0.0563
    0.0744    0.7717    0.1086    0.0452
    0.0038    0.0487    0.5879    0.3596
    0.0106    0.0268    0.2180    0.7446
tm(:,:,82) =
    0.7755    0.1602    0.0037    0.0605
    0.0770    0.7680    0.0926    0.0625
    0.0017    0.0311    0.6540    0.3133
    0.0087    0.0249    0.2354    0.7310
tm(:,:,83) =
    0.7542    0.1789    0.0096    0.0573
    0.0999    0.7727    0.0810    0.0464
    0.0009    0.0334    0.6281    0.3375
    0.0099    0.0263    0.2307    0.7331
tm(:,:,84) =
    0.7811    0.1734    0.0140    0.0315
    0.0857    0.7730    0.0870    0.0543
    0.0020    0.0278    0.6510    0.3192
    0.0050    0.0306    0.2158    0.7486
tm(:,:,85) =
    0.7913    0.1683    0.0330    0.0074
    0.0827    0.7811    0.0731    0.0631
    0.0025    0.0346    0.6386    0.3243
    0.0009    0.0340    0.2375    0.7276
tm(:,:,86) =
    0.8335    0.1317    0.0027    0.0321
    0.0747    0.7791    0.0704    0.0758
    0.0035    0.0396    0.6449    0.3120
    0.0013    0.0348    0.2271    0.7369
tm(:,:,87) =
    0.8101    0.1656    0.0000    0.0243
    0.0691    0.7805    0.0544    0.0959
    0.0035    0.0242    0.6519    0.3204
    0.0045    0.0433    0.2089    0.7433
tm(:,:,88) =
    0.8024    0.1662    0.0000    0.0313
    0.0689    0.7793    0.0432    0.1086
    0.0069    0.0240    0.6641    0.3050
    0.0059    0.0253    0.2101    0.7587
tm(:,:,89) =
    0.8260    0.1365    0.0022    0.0354
    0.0699    0.8096    0.0493    0.0712
    0.0061    0.0263    0.6496    0.3180
    0.0061    0.0281    0.2176    0.7482
tm(:,:,90) =
    0.8245    0.0974    0.0001    0.0781
    0.0775    0.7814    0.0638    0.0773
    0.0057    0.0370    0.6256    0.3318
    0.0032    0.0293    0.2266    0.7409
tm(:,:,91) =
    0.7619    0.2009    0.0000    0.0372
    0.0776    0.7712    0.0690    0.0822
    0.0039    0.0255    0.6174    0.3532
    0.0068    0.0362    0.2183    0.7387
tm(:,:,92) =
    0.8404    0.1267    0.0016    0.0313
    0.0742    0.7531    0.0910    0.0817
    0.0050    0.0179    0.6388    0.3383
    0.0050    0.0369    0.2230    0.7350
tm(:,:,93) =
    0.8473    0.1031    0.0003    0.0493
    0.0620    0.7838    0.0997    0.0545
    0.0057    0.0212    0.6321    0.3411
    0.0035    0.0466    0.2197    0.7302
tm(:,:,94) =
    0.8690    0.0933    0.0042    0.0335
    0.0686    0.7817    0.0723    0.0774
    0.0088    0.0175    0.6295    0.3442
    0.0031    0.0331    0.2152    0.7487
tm(:,:,95) =
    0.8216    0.0989    0.0093    0.0702
    0.0666    0.8126    0.0657    0.0551
    0.0066    0.0264    0.6146    0.3524
    0.0019    0.0287    0.2224    0.7470
tm(:,:,96) =
    0.8479    0.0767    0.0040    0.0714
    0.0553    0.8041    0.0703    0.0703
    0.0010    0.0305    0.6343    0.3342
    0.0037    0.0282    0.2419    0.7262
tm(:,:,97) =
    0.8272    0.1036    0.0136    0.0556
    0.0585    0.8399    0.0613    0.0403
    0.0018    0.0196    0.6191    0.3596
    0.0063    0.0275    0.2436    0.7226
tm(:,:,98) =
    0.8185    0.1301    0.0257    0.0258
    0.0725    0.8016    0.0709    0.0550
    0.0055    0.0185    0.6452    0.3308
    0.0069    0.0282    0.2261    0.7387
tm(:,:,99) =
    0.8054    0.1113    0.0322    0.0512
    0.0911    0.8057    0.0659    0.0373
    0.0057    0.0131    0.6642    0.3170
    0.0075    0.0266    0.2431    0.7228
tm(:,:,100) =
    0.8008    0.1144    0.0184    0.0664
    0.0774    0.8048    0.0805    0.0373
    0.0051    0.0147    0.6511    0.3292
    0.0072    0.0300    0.2381    0.7246
tm(:,:,101) =
    0.7875    0.1416    0.0313    0.0396
    0.0990    0.7882    0.0748    0.0379
    0.0103    0.0088    0.6397    0.3413
    0.0045    0.0420    0.2556    0.6979
tm(:,:,102) =
    0.8071    0.1593    0.0039    0.0298
    0.0625    0.8000    0.0814    0.0560
    0.0132    0.0109    0.6381    0.3378
    0.0020    0.0351    0.2290    0.7339
tm(:,:,103) =
    0.7709    0.1789    0.0185    0.0317
    0.0903    0.7818    0.0590    0.0689
    0.0081    0.0204    0.6240    0.3475
    0.0052    0.0363    0.2303    0.7282
tm(:,:,104) =
    0.7782    0.1757    0.0095    0.0366
    0.0978    0.7880    0.0591    0.0551
    0.0040    0.0159    0.6158    0.3644
    0.0041    0.0398    0.2316    0.7245
tm(:,:,105) =
    0.7708    0.1751    0.0140    0.0400
    0.0972    0.7945    0.0495    0.0587
    0.0055    0.0108    0.6080    0.3757
    0.0049    0.0352    0.2433    0.7166
tm(:,:,106) =
    0.7676    0.1831    0.0075    0.0418
    0.1001    0.7832    0.0266    0.0901
    0.0082    0.0128    0.6426    0.3363
    0.0024    0.0368    0.2515    0.7093
tm(:,:,107) =
    0.7806    0.1713    0.0120    0.0361
    0.0670    0.8069    0.0192    0.1069
    0.0001    0.0260    0.6188    0.3552
    0.0054    0.0414    0.2445    0.7087
tm(:,:,108) =
    0.8339    0.1218    0.0098    0.0344
    0.0539    0.8086    0.0342    0.1033
    0.0000    0.0252    0.6327    0.3421
    0.0064    0.0322    0.2242    0.7372
tm(:,:,109) =
    0.8537    0.1009    0.0274    0.0180
    0.0455    0.8293    0.0418    0.0834
    0.0000    0.0223    0.6253    0.3524
    0.0044    0.0469    0.2328    0.7158
tm(:,:,110) =
    0.8039    0.1373    0.0318    0.0271
    0.0588    0.8192    0.0398    0.0822
    0.0000    0.0175    0.6220    0.3605
    0.0041    0.0460    0.2354    0.7145
tm(:,:,111) =
    0.7979    0.1710    0.0101    0.0211
    0.0535    0.8063    0.0450    0.0952
    0.0000    0.0237    0.6523    0.3240
    0.0060    0.0477    0.2425    0.7038
tm(:,:,112) =
    0.8029    0.1727    0.0062    0.0182
    0.0671    0.7772    0.0564    0.0994
    0.0000    0.0240    0.6121    0.3639
    0.0033    0.0517    0.2449    0.7001
tm(:,:,113) =
    0.8285    0.1495    0.0138    0.0082
    0.0545    0.8129    0.0558    0.0767
    0.0001    0.0294    0.6150    0.3555
    0.0051    0.0438    0.2309    0.7202
tm(:,:,114) =
    0.7989    0.1511    0.0143    0.0357
    0.0619    0.7793    0.0455    0.1133
    0.0001    0.0336    0.6455    0.3208
    0.0033    0.0479    0.2180    0.7308
tm(:,:,115) =
    0.7891    0.1612    0.0166    0.0331
    0.0617    0.7930    0.0454    0.0999
    0.0000    0.0257    0.6014    0.3729
    0.0051    0.0489    0.2370    0.7089
tm(:,:,116) =
    0.8442    0.1213    0.0053    0.0291
    0.0593    0.7818    0.0537    0.1052
    0.0000    0.0332    0.6525    0.3143
    0.0036    0.0490    0.2035    0.7439
tm(:,:,117) =
    0.8306    0.1428    0.0164    0.0102
    0.0732    0.7784    0.0726    0.0757
    0.0000    0.0359    0.6336    0.3306
    0.0043    0.0329    0.2326    0.7302
tm(:,:,118) =
    0.8162    0.1535    0.0242    0.0062
    0.0665    0.7782    0.0516    0.1038
    0.0000    0.0356    0.6349    0.3295
    0.0050    0.0476    0.2321    0.7152
tm(:,:,119) =
    0.8484    0.1020    0.0225    0.0271
    0.0666    0.7914    0.0565    0.0855
    0.0016    0.0342    0.6143    0.3500
    0.0023    0.0520    0.2289    0.7169
tm(:,:,120) =
    0.8279    0.1418    0.0009    0.0293
    0.0689    0.7665    0.0349    0.1297
    0.0000    0.0317    0.6140    0.3542
    0.0059    0.0541    0.2416    0.6984
tm(:,:,121) =
    0.8105    0.1599    0.0007    0.0289
    0.0796    0.7561    0.0391    0.1252
    0.0000    0.0446    0.6428    0.3126
    0.0046    0.0395    0.2241    0.7318
tm(:,:,122) =
    0.8012    0.1599    0.0000    0.0389
    0.0874    0.7489    0.0356    0.1282
    0.0001    0.0431    0.6655    0.2912
    0.0005    0.0527    0.2041    0.7426
tm(:,:,123) =
    0.7759    0.1883    0.0008    0.0351
    0.0742    0.7689    0.0362    0.1207
    0.0000    0.0340    0.6891    0.2769
    0.0005    0.0524    0.2083    0.7388
tm(:,:,124) =
    0.8219    0.1409    0.0046    0.0327
    0.0735    0.7739    0.0488    0.1037
    0.0000    0.0324    0.6383    0.3293
    0.0018    0.0509    0.2045    0.7427
tm(:,:,125) =
    0.7924    0.1768    0.0078    0.0230
    0.0767    0.7685    0.0567    0.0981
    0.0000    0.0315    0.6654    0.3031
    0.0066    0.0505    0.1918    0.7511
tm(:,:,126) =
    0.8376    0.1288    0.0001    0.0335
    0.0699    0.7638    0.0772    0.0890
    0.0003    0.0249    0.6567    0.3181
    0.0041    0.0549    0.1894    0.7517
tm(:,:,127) =
    0.8198    0.1418    0.0000    0.0383
    0.0612    0.7734    0.0717    0.0938
    0.0000    0.0282    0.6641    0.3077
    0.0032    0.0581    0.2056    0.7332
tm(:,:,128) =
    0.8272    0.1412    0.0000    0.0316
    0.0693    0.7709    0.0673    0.0924
    0.0000    0.0244    0.6697    0.3060
    0.0025    0.0515    0.2107    0.7353
tm(:,:,129) =
    0.8067    0.1461    0.0000    0.0472
    0.0666    0.7936    0.0425    0.0973
    0.0000    0.0291    0.6809    0.2900
    0.0026    0.0544    0.2232    0.7198
tm(:,:,130) =
    0.8274    0.1400    0.0004    0.0321
    0.0531    0.8030    0.0423    0.1016
    0.0000    0.0354    0.6665    0.2980
    0.0013    0.0449    0.2427    0.7112
tm(:,:,131) =
    0.8320    0.1240    0.0007    0.0433
    0.0625    0.7966    0.0535    0.0874
    0.0000    0.0249    0.6557    0.3195
    0.0032    0.0428    0.1954    0.7586
tm(:,:,132) =
    0.7820    0.1688    0.0000    0.0492
    0.0803    0.7562    0.0671    0.0964
    0.0000    0.0373    0.6221    0.3405
    0.0016    0.0407    0.2224    0.7352
tm(:,:,133) =
    0.8055    0.1574    0.0062    0.0309
    0.0744    0.7765    0.0699    0.0792
    0.0005    0.0419    0.6134    0.3442
    0.0035    0.0302    0.2463    0.7200
tm(:,:,134) =
    0.8027    0.1751    0.0000    0.0221
    0.0659    0.7858    0.0698    0.0785
    0.0000    0.0432    0.6057    0.3511
    0.0040    0.0317    0.2488    0.7155
tm(:,:,135) =
    0.8396    0.1412    0.0000    0.0192
    0.0620    0.7897    0.0826    0.0657
    0.0001    0.0338    0.6256    0.3405
    0.0074    0.0369    0.2355    0.7202
tm(:,:,136) =
    0.8120    0.1404    0.0022    0.0455
    0.0762    0.7705    0.0770    0.0763
    0.0000    0.0384    0.6225    0.3391
    0.0034    0.0321    0.2500    0.7144
tm(:,:,137) =
    0.7739    0.1590    0.0000    0.0671
    0.0792    0.7942    0.0551    0.0715
    0.0001    0.0319    0.6495    0.3185
    0.0042    0.0392    0.2382    0.7184
tm(:,:,138) =
    0.7383    0.2216    0.0016    0.0385
    0.0750    0.7777    0.0832    0.0641
    0.0000    0.0242    0.6855    0.2903
    0.0037    0.0377    0.2283    0.7303
tm(:,:,139) =
    0.7650    0.1894    0.0009    0.0447
    0.0965    0.7698    0.0804    0.0534
    0.0000    0.0314    0.6574    0.3112
    0.0019    0.0404    0.2180    0.7397
tm(:,:,140) =
    0.8095    0.1462    0.0052    0.0391
    0.0798    0.7847    0.0809    0.0546
    0.0000    0.0324    0.6302    0.3374
    0.0018    0.0298    0.2553    0.7130
tm(:,:,141) =
    0.7634    0.1863    0.0000    0.0503
    0.0593    0.7937    0.0963    0.0506
    0.0001    0.0437    0.6129    0.3433
    0.0043    0.0323    0.2649    0.6984
tm(:,:,142) =
    0.8160    0.1470    0.0018    0.0352
    0.0651    0.8011    0.0703    0.0635
    0.0000    0.0323    0.6261    0.3416
    0.0038    0.0346    0.2639    0.6978
tm(:,:,143) =
    0.7576    0.1872    0.0122    0.0430
    0.0830    0.7729    0.0860    0.0581
    0.0000    0.0344    0.6233    0.3423
    0.0037    0.0368    0.2533    0.7062
tm(:,:,144) =
    0.7479    0.2208    0.0035    0.0279
    0.1022    0.7493    0.0545    0.0939
    0.0000    0.0370    0.6545    0.3086
    0.0037    0.0296    0.2109    0.7558
tm(:,:,145) =
    0.7361    0.2336    0.0100    0.0203
    0.1072    0.7407    0.0496    0.1025
    0.0000    0.0349    0.6422    0.3230
    0.0065    0.0296    0.2185    0.7454
tm(:,:,146) =
    0.7661    0.2033    0.0014    0.0291
    0.0979    0.7621    0.0582    0.0819
    0.0001    0.0269    0.6741    0.2989
    0.0090    0.0297    0.1977    0.7636
tm(:,:,147) =
    0.7673    0.2210    0.0000    0.0117
    0.0940    0.7417    0.0884    0.0759
    0.0001    0.0356    0.6302    0.3341
    0.0024    0.0365    0.2202    0.7408
tm(:,:,148) =
    0.7540    0.2147    0.0000    0.0313
    0.0883    0.7788    0.0510    0.0818
    0.0000    0.0315    0.6098    0.3587
    0.0024    0.0384    0.2295    0.7296
tm(:,:,149) =
    0.8202    0.1510    0.0000    0.0288
    0.0907    0.7583    0.0801    0.0709
    0.0026    0.0235    0.6090    0.3649
    0.0018    0.0442    0.2116    0.7424
tm(:,:,150) =
    0.8285    0.1372    0.0000    0.0343
    0.0645    0.8150    0.0529    0.0676
    0.0000    0.0224    0.6414    0.3362
    0.0032    0.0488    0.2038    0.7442
tm(:,:,151) =
    0.8382    0.1297    0.0014    0.0307
    0.0403    0.8318    0.0578    0.0701
    0.0000    0.0155    0.6456    0.3388
    0.0046    0.0510    0.2051    0.7393
tm(:,:,152) =
    0.8502    0.1209    0.0010    0.0279
    0.0339    0.8442    0.0569    0.0650
    0.0000    0.0201    0.6847    0.2952
    0.0030    0.0357    0.2121    0.7492
tm(:,:,153) =
    0.8286    0.1454    0.0000    0.0260
    0.0293    0.8324    0.0792    0.0591
    0.0031    0.0236    0.6765    0.2968
    0.0038    0.0367    0.2278    0.7316
tm(:,:,154) =
    0.8295    0.1078    0.0000    0.0626
    0.0518    0.8123    0.0874    0.0484
    0.0007    0.0250    0.6647    0.3096
    0.0052    0.0490    0.2157    0.7300
tm(:,:,155) =
    0.8145    0.1408    0.0016    0.0430
    0.0498    0.8001    0.0892    0.0609
    0.0017    0.0265    0.6463    0.3255
    0.0043    0.0482    0.2359    0.7116
tm(:,:,156) =
    0.8226    0.1446    0.0038    0.0290
    0.0684    0.7909    0.0791    0.0616
    0.0026    0.0266    0.6248    0.3460
    0.0057    0.0398    0.2109    0.7437
tm(:,:,157) =
    0.8525    0.1058    0.0000    0.0416
    0.0504    0.8107    0.0736    0.0653
    0.0004    0.0276    0.6523    0.3197
    0.0034    0.0330    0.2469    0.7166
tm(:,:,158) =
    0.8523    0.0917    0.0000    0.0560
    0.0810    0.7674    0.0950    0.0567
    0.0024    0.0244    0.6233    0.3499
    0.0044    0.0384    0.2277    0.7294
tm(:,:,159) =
    0.8074    0.1394    0.0000    0.0532
    0.0868    0.7798    0.0794    0.0540
    0.0006    0.0237    0.6474    0.3282
    0.0043    0.0350    0.2283    0.7324
tm(:,:,160) =
    0.8016    0.1677    0.0004    0.0302
    0.0790    0.7512    0.0825    0.0873
    0.0004    0.0289    0.6517    0.3190
    0.0036    0.0548    0.2118    0.7298
tm(:,:,161) =
    0.8463    0.1311    0.0000    0.0226
    0.0689    0.7833    0.0814    0.0665
    0.0008    0.0300    0.6476    0.3216
    0.0024    0.0403    0.2281    0.7292
tm(:,:,162) =
    0.8088    0.1483    0.0000    0.0429
    0.0636    0.7972    0.0566    0.0826
    0.0001    0.0286    0.6539    0.3174
    0.0027    0.0438    0.2469    0.7066
tm(:,:,163) =
    0.7875    0.1901    0.0000    0.0224
    0.0684    0.7990    0.0486    0.0840
    0.0000    0.0313    0.6570    0.3117
    0.0012    0.0463    0.2313    0.7212
tm(:,:,164) =
    0.8419    0.1322    0.0000    0.0259
    0.0665    0.7763    0.0552    0.1020
    0.0000    0.0353    0.6443    0.3205
    0.0031    0.0546    0.2012    0.7411
tm(:,:,165) =
    0.7817    0.1971    0.0000    0.0212
    0.0697    0.7842    0.0477    0.0984
    0.0000    0.0222    0.6767    0.3011
    0.0021    0.0557    0.2173    0.7249
tm(:,:,166) =
    0.7887    0.1970    0.0017    0.0126
    0.0681    0.7932    0.0473    0.0914
    0.0000    0.0306    0.6623    0.3071
    0.0002    0.0504    0.1994    0.7500
tm(:,:,167) =
    0.8215    0.1520    0.0126    0.0138
    0.0624    0.7676    0.0398    0.1302
    0.0001    0.0328    0.6561    0.3110
    0.0003    0.0533    0.2030    0.7435
tm(:,:,168) =
    0.8047    0.1685    0.0245    0.0023
    0.0616    0.7955    0.0490    0.0940
    0.0004    0.0324    0.6849    0.2823
    0.0000    0.0467    0.1931    0.7603
tm(:,:,169) =
    0.8502    0.1088    0.0392    0.0017
    0.0491    0.7950    0.0395    0.1164
    0.0005    0.0302    0.7243    0.2450
    0.0000    0.0459    0.1830    0.7711
tm(:,:,170) =
    0.8511    0.1288    0.0195    0.0006
    0.0484    0.8019    0.0367    0.1130
    0.0013    0.0228    0.6844    0.2915
    0.0000    0.0492    0.1854    0.7654
tm(:,:,171) =
    0.8540    0.1180    0.0280    0.0000
    0.0532    0.7913    0.0317    0.1238
    0.0021    0.0363    0.6583    0.3032
    0.0001    0.0499    0.1984    0.7517
tm(:,:,172) =
    0.7654    0.1955    0.0380    0.0011
    0.0623    0.7936    0.0298    0.1143
    0.0023    0.0274    0.6458    0.3245
    0.0000    0.0520    0.2015    0.7466
tm(:,:,173) =
    0.7813    0.1813    0.0339    0.0034
    0.0663    0.7835    0.0375    0.1126
    0.0037    0.0219    0.6593    0.3151
    0.0003    0.0433    0.2078    0.7486
tm(:,:,174) =
    0.8084    0.1473    0.0402    0.0041
    0.0676    0.7890    0.0243    0.1191
    0.0060    0.0262    0.6443    0.3234
    0.0000    0.0458    0.2215    0.7328
tm(:,:,175) =
    0.7765    0.1855    0.0299    0.0080
    0.0693    0.7928    0.0282    0.1098
    0.0041    0.0128    0.6205    0.3627
    0.0000    0.0505    0.2391    0.7104
tm(:,:,176) =
    0.7372    0.2271    0.0356    0.0000
    0.0518    0.8063    0.0292    0.1127
    0.0062    0.0093    0.6450    0.3395
    0.0001    0.0436    0.1993    0.7570
tm(:,:,177) =
    0.8313    0.1428    0.0258    0.0001
    0.0417    0.8243    0.0407    0.0933
    0.0027    0.0150    0.6683    0.3140
    0.0006    0.0414    0.1931    0.7649
tm(:,:,178) =
    0.8377    0.1310    0.0288    0.0025
    0.0411    0.8400    0.0355    0.0834
    0.0006    0.0137    0.6582    0.3275
    0.0032    0.0432    0.1894    0.7642
tm(:,:,179) =
    0.7919    0.1869    0.0183    0.0029
    0.0271    0.8535    0.0348    0.0846
    0.0000    0.0135    0.6833    0.3033
    0.0005    0.0456    0.2018    0.7521
tm(:,:,180) =
    0.8017    0.1809    0.0136    0.0038
    0.0522    0.8040    0.0513    0.0925
    0.0000    0.0253    0.6565    0.3182
    0.0008    0.0545    0.2160    0.7287
tm(:,:,181) =
    0.7675    0.2055    0.0202    0.0068
    0.0722    0.7862    0.0426    0.0989
    0.0000    0.0286    0.6661    0.3053
    0.0013    0.0483    0.2127    0.7377
tm(:,:,182) =
    0.8175    0.1374    0.0451    0.0000
    0.0548    0.8059    0.0449    0.0944
    0.0015    0.0297    0.6505    0.3182
    0.0000    0.0466    0.2058    0.7475
tm(:,:,183) =
    0.7860    0.1511    0.0629    0.0000
    0.0797    0.7842    0.0285    0.1076
    0.0000    0.0217    0.6768    0.3015
    0.0000    0.0479    0.2082    0.7439
tm(:,:,184) =
    0.7403    0.2101    0.0496    0.0000
    0.0712    0.7855    0.0344    0.1088
    0.0000    0.0261    0.6875    0.2864
    0.0000    0.0484    0.2083    0.7433
tm(:,:,185) =
    0.7820    0.1748    0.0431    0.0000
    0.0654    0.8065    0.0320    0.0961
    0.0000    0.0173    0.6985    0.2842
    0.0003    0.0532    0.2244    0.7221
tm(:,:,186) =
    0.7799    0.1737    0.0465    0.0000
    0.0607    0.8138    0.0344    0.0912
    0.0004    0.0248    0.6831    0.2917
    0.0013    0.0486    0.2163    0.7338
tm(:,:,187) =
    0.7791    0.1982    0.0226    0.0000
    0.0578    0.8011    0.0423    0.0988
    0.0016    0.0227    0.6937    0.2820
    0.0000    0.0565    0.2047    0.7388
tm(:,:,188) =
    0.8038    0.1674    0.0288    0.0000
    0.0528    0.7917    0.0476    0.1079
    0.0000    0.0215    0.6743    0.3042
    0.0000    0.0677    0.2251    0.7072
tm(:,:,189) =
    0.7924    0.1738    0.0338    0.0000
    0.0570    0.7965    0.0485    0.0979
    0.0000    0.0129    0.6498    0.3373
    0.0016    0.0600    0.2241    0.7143
tm(:,:,190) =
    0.7946    0.1787    0.0189    0.0078
    0.0638    0.7541    0.0635    0.1185
    0.0010    0.0230    0.6521    0.3240
    0.0036    0.0624    0.2278    0.7062
tm(:,:,191) =
    0.7848    0.1958    0.0194    0.0001
    0.0800    0.7468    0.0499    0.1233
    0.0019    0.0324    0.6446    0.3211
    0.0046    0.0596    0.2131    0.7226
tm(:,:,192) =
    0.8198    0.1511    0.0291    0.0000
    0.0601    0.7888    0.0508    0.1003
    0.0008    0.0358    0.6335    0.3299
    0.0019    0.0510    0.2361    0.7110
tm(:,:,193) =
    0.8048    0.1644    0.0303    0.0004
    0.0629    0.7864    0.0424    0.1083
    0.0001    0.0250    0.6585    0.3164
    0.0034    0.0554    0.2402    0.7010
tm(:,:,194) =
    0.7953    0.1866    0.0175    0.0006
    0.0753    0.7640    0.0773    0.0834
    0.0001    0.0364    0.6273    0.3362
    0.0053    0.0494    0.2362    0.7091
tm(:,:,195) =
    0.8066    0.1753    0.0180    0.0001
    0.0624    0.7655    0.0835    0.0885
    0.0000    0.0427    0.6194    0.3379
    0.0032    0.0479    0.2354    0.7135
tm(:,:,196) =
    0.8158    0.1698    0.0056    0.0087
    0.0639    0.7604    0.1087    0.0670
    0.0000    0.0436    0.6316    0.3247
    0.0055    0.0359    0.2448    0.7138
tm(:,:,197) =
    0.8008    0.1805    0.0002    0.0185
    0.0747    0.7597    0.1012    0.0644
    0.0000    0.0335    0.5970    0.3695
    0.0041    0.0457    0.2358    0.7143
tm(:,:,198) =
    0.7922    0.1799    0.0006    0.0274
    0.0784    0.7325    0.1190    0.0701
    0.0001    0.0333    0.5885    0.3781
    0.0040    0.0534    0.2310    0.7115
tm(:,:,199) =
    0.7919    0.1977    0.0000    0.0104
    0.0847    0.6967    0.1300    0.0886
    0.0000    0.0508    0.6127    0.3365
    0.0057    0.0438    0.2318    0.7186
tm(:,:,200) =
    0.8190    0.1650    0.0000    0.0159
    0.0986    0.6977    0.1140    0.0897
    0.0005    0.0473    0.6120    0.3402
    0.0028    0.0371    0.2561    0.7040
tm(:,:,201) =
    0.8019    0.1694    0.0002    0.0285
    0.0819    0.7220    0.1010    0.0951
    0.0001    0.0386    0.6086    0.3526
    0.0029    0.0594    0.2366    0.7011
tm(:,:,202) =
    0.8202    0.1460    0.0003    0.0335
    0.0991    0.6779    0.1026    0.1204
    0.0004    0.0383    0.6232    0.3381
    0.0021    0.0591    0.2331    0.7058
tm(:,:,203) =
    0.8061    0.1653    0.0002    0.0284
    0.0907    0.7305    0.0695    0.1093
    0.0027    0.0472    0.5822    0.3679
    0.0025    0.0468    0.2366    0.7141
tm(:,:,204) =
    0.8144    0.1541    0.0018    0.0298
    0.0984    0.7056    0.0704    0.1255
    0.0037    0.0340    0.6100    0.3524
    0.0020    0.0706    0.1933    0.7341
tm(:,:,205) =
    0.8316    0.1391    0.0015    0.0278
    0.0835    0.7425    0.0453    0.1287
    0.0006    0.0278    0.6186    0.3530
    0.0035    0.0497    0.2034    0.7435
tm(:,:,206) =
    0.8349    0.1408    0.0002    0.0241
    0.0726    0.7449    0.0729    0.1096
    0.0000    0.0364    0.6088    0.3548
    0.0044    0.0564    0.2216    0.7176
tm(:,:,207) =
    0.7914    0.1896    0.0000    0.0190
    0.0782    0.7346    0.0774    0.1098
    0.0000    0.0278    0.6375    0.3347
    0.0071    0.0620    0.2205    0.7104
tm(:,:,208) =
    0.7721    0.2076    0.0000    0.0203
    0.0894    0.7491    0.0526    0.1089
    0.0000    0.0399    0.6208    0.3393
    0.0046    0.0588    0.2321    0.7045
tm(:,:,209) =
    0.7967    0.1718    0.0000    0.0315
    0.0919    0.7088    0.0575    0.1418
    0.0019    0.0494    0.6005    0.3482
    0.0022    0.0593    0.2309    0.7076
tm(:,:,210) =
    0.8094    0.1757    0.0007    0.0142
    0.0773    0.7254    0.0431    0.1543
    0.0001    0.0386    0.6075    0.3537
    0.0031    0.0696    0.2322    0.6951
tm(:,:,211) =
    0.8197    0.1685    0.0090    0.0028
    0.0584    0.7768    0.0311    0.1337
    0.0000    0.0296    0.6314    0.3390
    0.0034    0.0750    0.2358    0.6858
tm(:,:,212) =
    0.8275    0.1707    0.0007    0.0011
    0.0613    0.7512    0.0396    0.1479
    0.0000    0.0522    0.6265    0.3212
    0.0049    0.0530    0.2310    0.7111
tm(:,:,213) =
    0.8576    0.1326    0.0003    0.0095
    0.0616    0.7774    0.0487    0.1123
    0.0000    0.0442    0.6413    0.3145
    0.0047    0.0520    0.2614    0.6820
tm(:,:,214) =
    0.8307    0.1474    0.0000    0.0220
    0.0553    0.7585    0.0753    0.1110
    0.0000    0.0396    0.6220    0.3384
    0.0034    0.0653    0.2336    0.6977
tm(:,:,215) =
    0.8166    0.1652    0.0000    0.0182
    0.0825    0.7223    0.0905    0.1046
    0.0000    0.0520    0.6225    0.3254
    0.0037    0.0553    0.2162    0.7248
tm(:,:,216) =
    0.8445    0.1301    0.0040    0.0213
    0.0700    0.7136    0.0682    0.1482
    0.0000    0.0535    0.6125    0.3340
    0.0039    0.0561    0.2113    0.7288
tm(:,:,217) =
    0.8686    0.1052    0.0044    0.0218
    0.0784    0.6971    0.1058    0.1187
    0.0000    0.0405    0.6299    0.3296
    0.0048    0.0479    0.2265    0.7207
tm(:,:,218) =
    0.8816    0.0797    0.0205    0.0182
    0.0608    0.7348    0.1071    0.0974
    0.0000    0.0469    0.6115    0.3416
    0.0097    0.0556    0.2075    0.7272
tm(:,:,219) =
    0.8399    0.1298    0.0091    0.0213
    0.0792    0.7271    0.0816    0.1121
    0.0000    0.0434    0.6464    0.3102
    0.0030    0.0580    0.2039    0.7351
tm(:,:,220) =
